"InteractionmarkX0xX0x100","InteractionmarkX0xX1x100","InteractionmarkX1xX1x100","InteractionmarkX0xX2x100","InteractionmarkX1xX2x100","InteractionmarkX2xX2x100","InteractionmarkX0xX3x100","InteractionmarkX1xX3x100","InteractionmarkX2xX3x100","InteractionmarkX3xX3x100","InteractionmarkX0xX4x100","InteractionmarkX1xX4x100","InteractionmarkX2xX4x100","InteractionmarkX3xX4x100","InteractionmarkX4xX4x100","InteractionmarkX0xX0x200","InteractionmarkX0xX1x200","InteractionmarkX1xX1x200","InteractionmarkX0xX2x200","InteractionmarkX1xX2x200","InteractionmarkX2xX2x200","InteractionmarkX0xX3x200","InteractionmarkX1xX3x200","InteractionmarkX2xX3x200","InteractionmarkX3xX3x200","InteractionmarkX0xX4x200","InteractionmarkX1xX4x200","InteractionmarkX2xX4x200","InteractionmarkX3xX4x200","InteractionmarkX4xX4x200","InteractionmarkX0xX0x300","InteractionmarkX0xX1x300","InteractionmarkX1xX1x300","InteractionmarkX0xX2x300","InteractionmarkX1xX2x300","InteractionmarkX2xX2x300","InteractionmarkX0xX3x300","InteractionmarkX1xX3x300","InteractionmarkX2xX3x300","InteractionmarkX3xX3x300","InteractionmarkX0xX4x300","InteractionmarkX1xX4x300","InteractionmarkX2xX4x300","InteractionmarkX3xX4x300","InteractionmarkX4xX4x300","InteractionmarkX0xX0x400","InteractionmarkX0xX1x400","InteractionmarkX1xX1x400","InteractionmarkX0xX2x400","InteractionmarkX1xX2x400","InteractionmarkX2xX2x400","InteractionmarkX0xX3x400","InteractionmarkX1xX3x400","InteractionmarkX2xX3x400","InteractionmarkX3xX3x400","InteractionmarkX0xX4x400","InteractionmarkX1xX4x400","InteractionmarkX2xX4x400","InteractionmarkX3xX4x400","InteractionmarkX4xX4x400","InteractionmarkX0xX0x500","InteractionmarkX0xX1x500","InteractionmarkX1xX1x500","InteractionmarkX0xX2x500","InteractionmarkX1xX2x500","InteractionmarkX2xX2x500","InteractionmarkX0xX3x500","InteractionmarkX1xX3x500","InteractionmarkX2xX3x500","InteractionmarkX3xX3x500","InteractionmarkX0xX4x500","InteractionmarkX1xX4x500","InteractionmarkX2xX4x500","InteractionmarkX3xX4x500","InteractionmarkX4xX4x500"
-27.9276250860069,-0.223713849659695,0.0413519086440911,5.04309667754204,0.0181140726307474,0.186886633158074,-0.694927974067829,0.00887766644511057,0.122781204425404,0.815452766842316,-9.17460579317294,0.0464162971381849,-18.0493977209783,-0.964630665715089,0.4505335034985,4.33490279382364,-0.267815920257235,0.000136977072794019,4.08103824098452,0.01075900855722,0.0103286938358187,-17.9228400796899,0.00549055314257673,0.0690748582181584,0.143953843374725,0.391170972724394,-0.00936469237833656,-0.0952055587419256,0.0720492317122291,-0.0793953339532247,5.17576004305824,-0.0664845832699494,0.000719464273680865,3.19445650354362,0.00434543646592089,-18.7654885752065,-6.26193772694226,-0.0151593625241169,0.143797283378872,-19.2392881336199,-0.707617011814047,0.00467878505959007,0.0373573849596989,0.0309208576998841,0.0721992248375152,7.52082076409215,-0.0793574550194164,-0.000675954535518638,-5.02182499514505,-7.30111218383608e-05,-0.434745597940523,-8.53492625473934,-0.000765789441721196,0.0840035134814711,-19.4888280998942,0.388742189525309,-0.00156779182679801,-0.0275536682328433,-0.0034240257670212,0.00983775729905428,16.3738272713972,-0.0513755595382859,-0.000156358816713992,-8.62888686406258,0.000978233039412857,-11.4369163733945,-0.236235530420339,0.0101501434251586,0.0599112341094118,0.159792652277036,0.463915285106752,0.000159949856309415,-0.183437628520102,-0.0364820108725201,-0.0907814039594692
-66.7581965769843,-0.377707170716595,0.0395745426117807,173.201323263309,0.0233518176626908,-7.30765316885006,0.563717376022466,0.0164546117329959,0.067254039526168,0.916767621826263,11.9531026572772,0.0458343757539008,-24.4699271812298,-24.5654350030431,0.479734010987091,-143.063844590404,-0.348150791940748,0.000505815582231645,173.285944100136,0.0185973305092236,-7.28678817831192,28.2292570980084,-0.0038591942414656,0.0564631453507261,-45.0763831964598,1.8969668556101,-0.011481407563649,-0.176400501760957,0.000828514290502382,-0.169790560581127,-142.068610116262,-0.271730636256862,0.000918517348252257,174.272123960545,0.00520207702553556,-26.5130655044498,31.3790518783712,-9.55354595370183e-05,-0.181477839819232,-17.4085158920245,0.438584861049599,-0.00109538442736721,0.00740807226418402,-0.0590895584506589,0.0828216564119647,-72.6824322516377,-0.162081550792113,-0.0014315433819831,165.640593250739,0.00289276416650248,-7.72844369202774,-33.9400812641434,-0.00190174252021033,0.0342391197955816,-21.6843997863776,1.05508346253836,0.00366476116069238,-0.0751391414609934,-0.103816134940881,-0.093131538536163,-3.94213260258944,-0.162341876231631,0.000360054283698379,5.61865744606351,0.00355314232566408,-19.5904855200106,-0.983977473983956,0.00611703734072129,0.18566384940245,0.288393868858715,0.283127302842211,0.00256577574252056,-0.0969784883232477,-0.064020434146485,-0.174248431829887
-361.882806439421,-0.450094274182212,0.0466253630604611,306.002980604415,0.0249999606520162,-13.1102632081255,0.48270371212981,0.00503628211343126,1.2546206938042,-3.66298126698565,-16.6495426874244,0.0310776550918124,-18.5258667013958,-30.3463630334627,0.390751217973406,-316.171584690136,-0.365093722674774,-0.00240058253985441,305.818292089153,0.0129579386078712,-13.0870161929258,-13.131365224994,-0.0339696444752459,1.1112499560348,-25.016635110223,-1.99893537480577,-0.00734100605044894,-0.0718076377890577,0.218847799219474,0.0434862557236389,-295.9155508923,-0.268669215963102,5.59808266024451e-05,306.645142999307,0.00417297469167312,-30.6393914243544,-30.1813144244549,0.00459162941180409,1.04210127700955,-16.8046705698264,-5.39375401017707,0.00130525259094241,0.21693643680554,0.48387188362747,0.0491199906972864,-1.09381107802795,-0.0394164430237507,-6.3492547034941e-05,311.690986977017,0.00252245288534874,-13.828744875406,-135.023615829649,-0.0363019986925535,0.708878129309994,-23.8830247681766,-3.28813886596852,0.00397033323749607,0.150666133647209,-0.288494807288205,-0.104116962933928,90.8239038793589,-0.210700849107071,0.00117784614970757,-1.17243008302587,0.000416085403120486,-34.7634210557258,-168.47906046073,0.0155109891937011,0.975591035878203,0.146353622971387,-2.28222579182233,0.000457460386568516,-0.0831354518633081,-0.637185083928601,0.0427761526179986
-2674.05171537491,-0.40535913506184,0.0406112464177479,263.385344630884,0.0217501539758048,-11.1775092933615,0.620113717585938,0.0263084062238549,0.088516972234189,0.90439749990797,226.904054453464,0.0425877412332132,-32.3581093400251,-77.1985305187386,0.519162256394008,-3160.37913102701,-0.348596482711293,-0.000208070483589131,263.496012326117,0.0157441668450061,-11.1609146137298,888.319143316945,-0.00606483384096918,0.0590813375874338,-899.457014456605,2.35839414502564,-0.00766163601051802,-0.20234160432003,0.00838471019604826,-0.18503153510248,-4942.70868204716,-0.267891389093659,0.00153767801962209,264.566942914713,0.0039552385228776,-28.4671085860538,854.002887480514,-0.00097761748250562,-0.215794117787028,-300.222510207514,0.621564123866329,-0.00220559187426852,0.00244088786548418,-0.0836040094022613,0.113673253026099,-2826.4738685934,-0.155831076161372,-0.00199361451025993,187.098279927223,0.00133333283856185,-10.1178575006726,-1.03275945319675,-0.00340085506985119,0.0391782508101612,-283.929965823032,1.49836932672921,0.00114076293130385,-0.0759072384575571,-0.239811689188972,-0.144576183526783,-1719.50845474913,-0.169591081959714,0.000943936128635625,6.48381038476614,0.00160096840262497,-20.4167455141161,-1.00597365988464,0.00700770576043358,0.192427839242325,0.340885044576799,0.351633743910428,0.00285408764661152,-0.107598520402696,-0.0347788058160354,-0.0987159254928604
0.166146347282217,0.0299713500021655,0.0568642500011519,0.0575053445344833,0.0381670296508895,0.919185451135185,-0.0215672021255403,0.0120046854817795,-13.2582607573789,1.01206791403005,0.325898897555014,0.122176532570878,-13.4775963992509,-16.5784779544322,-0.80239883311475,-0.00326177981011883,-0.00339005249106256,0.00384542108936995,0.122364700252111,-0.00947595288348028,1.19441914677139,-0.0135357563821209,-0.00488992226529617,-14.2969318825033,-15.8718159330064,0.0117920857419509,0.0338589612341938,-0.165883949061248,-2.32865798224444,-3.28765804505609,0.00529661436914895,-0.00071659345258949,0.000284276117486428,-0.0667526159417803,0.0719490849633416,-15.5332392367318,0.0260524461454626,0.0106072350389366,-12.6905402050662,-15.9769752364909,0.0463573913551472,0.0120290595060025,-16.0395381337749,-15.5254028050923,-3.90585534283252,-0.00119476655187294,0.0044260036488476,0.000852248356883933,-0.200789672377173,-0.0126078211594485,-13.6886707177759,-0.10977704386736,0.0213906222868095,-13.2411378068917,-15.7810369250856,0.0139531928430719,0.000881734214628227,-0.816446152741146,0.0879616000878697,-4.65247329486623,0.0166195140221023,0.00136341371623132,-0.00013174299294141,0.0851069190913071,-0.000709258590626085,-11.6079807236074,-0.01148987301216,0.0133764729607396,-12.8378864770729,-15.7165641424458,-0.0587067781965506,0.018448866305602,-1.42248243349031,-0.0353977328028707,-17.8416650656242
0.165572999292094,0.0312041941034408,0.0534135101219302,0.128929385800642,0.109653924500569,0.464677656265254,0.0887603818690071,-0.141681790924192,-27.2360702410675,-0.844338143212418,0.246914707172591,0.110363043559687,-16.9998199773103,-10.5374557892051,0.0471296577250725,0.00316983469523658,-0.00140498777650517,0.00230488570948716,0.07615518651201,0.0048548081840858,1.34796838863,-0.269197465833099,0.160005023926582,-25.2576741060625,-5.39699482725479,-0.0176861723164182,0.0165028317632852,-0.670372718829937,1.08440413891412,-2.17147099452187,0.00726369806282259,0.000752172965337278,0.00381554930873284,0.0017937951796581,0.041011712321724,-16.3507657271669,0.267088988425148,0.0604453091652071,-29.5690063421647,14.098235664776,0.00639392131304638,0.0340696996305743,-17.7342538564779,-1.15718612528067,-1.14737431097137,0.00771840907649879,0.00386697758847531,0.000227786539675091,-0.270164724704211,0.0325149797639175,-15.5134190620871,0.157014101174112,0.1028466513705,2.57031778734719,-8.37979830448166,-0.0328996582810009,0.000515900343737299,-0.553930455987593,-0.481460626826954,-0.662608540269842,0.00645962820928384,0.0017320905253374,0.00139912197460903,0.0930937355008403,0.0133963864407911,-14.2812450685485,0.227811813057143,0.096321048898924,-16.4912267167078,-13.1007247548315,-0.0139851503731637,-0.00734554285845913,-0.753669163155093,-0.418132754294088,-0.346017478081423
0.160694645838387,0.0275475003575365,0.0575060237416079,0.244331362566811,0.0548999798255462,0.60406589096252,0.074818999085518,0.00499284614111167,-14.2673723622787,1.83951998862237,0.225683415787246,0.108281463328544,-13.5101286923432,-17.2646000167592,-0.098363187141535,-0.00179282433397113,-0.00137910627106931,0.00196281781968138,0.110927132085669,-0.0185856897292939,1.75365767166537,-0.020059905280933,-0.0496991226084199,-15.0303807940962,-15.4702528389766,-0.05493882983281,0.0201002821641421,-0.254921195888053,-2.3481555200196,-1.56547988109094,0.00684381409469617,-0.000975076314654918,0.00117279896337487,-0.101207983645195,0.0705178841160783,-13.9968086093817,-0.0216531421422385,-0.00359137406489673,-12.9058004444043,-16.5239929300357,0.0064660825625976,0.0136737117071035,-15.2571649354852,-15.8317035265356,-1.31291891838532,0.00294458260030315,0.00433792769504226,0.00068477219642955,-0.334328090442298,0.00277154659657575,-12.3165764913829,-0.126244654563326,0.0650643321427304,-13.4751170212622,-17.1126740612384,0.0155014282569257,-0.00319851487539809,-0.224180279337554,-0.00615067040433745,-1.4563465395409,0.00909371034759262,0.00109668398366724,0.000489092569116381,0.0659338319084406,0.0178886173008912,-11.3920528989629,-0.022596099297787,0.0224853713334668,-13.177035548098,-15.6312031198198,-0.00532288833533283,0.00791222948370198,-0.247485142296238,0.0377929784510282,-1.01121360585503
0.157318173713859,0.0262380793202342,0.0503179597344389,0.116105808603974,0.0951122334550648,0.431511325320143,0.19644709734506,0.125165561193302,-13.0973975086805,-1.36158226893206,0.118116511203783,0.0785495639128954,-14.7173208877665,-14.4764873455135,0.690946772909228,0.00396076093060729,-0.000100197769614368,-0.00154402934232891,0.0548891038728302,-0.00406058393818913,1.2212966728734,-0.197540674388138,0.0418908405731413,-12.8742313814608,-12.6621480934989,-0.0318446196679316,0.00349004776749001,0.245113442561174,0.974979393945501,-0.254384246876239,0.0131450580829171,0.00138809317043403,0.00152544783889928,0.0301809620384544,0.0287275044963172,-14.5398026897699,0.0338640153345128,-0.0401067835782629,-14.9823452000498,2.54614857795884,0.0469065048401608,0.00050206698283789,-14.9919300774677,-0.701758860743551,-0.188880420329568,-0.0021564190110213,0.00261266548352533,0.000948203991908272,-0.1308488893647,-0.00183152319275814,-13.4061649400883,0.0514958553407673,0.0364482572362515,1.46808142518516,-11.1416692283091,-0.031218681513294,0.00786197238761576,-0.381282403537527,0.113901818486173,-0.0885363449182506,0.0092821827414265,0.00203609955404296,0.000195127150390433,0.0807082403452066,-0.0120002035398197,-12.8737815227322,0.0424154329929627,-0.0128989502684118,-13.2441122044529,-12.1522307275898,0.0209410172257909,-0.0122499852314703,-0.479881547241094,-14.0825566206881,0.214797638978228
0.167415666826921,0.0336212436970496,0.0554122162956129,0.177288473629684,0.121265240350182,0.49165027346884,-0.051215813494892,0.126084509941082,-14.0592027143849,0.982713704223758,0.0850255727562925,0.0701020197026065,-14.7325761046066,-13.8107105750897,0.620843861408703,0.00532838733167185,0.00149312445520168,0.00452846384811518,0.0140985442687899,-0.0220378179727904,1.52699425847454,-0.15406070090117,0.00677200064611717,-12.3710748974843,0.408502188921307,-0.0299854081110996,0.0132939314965544,0.140711094518768,0.440419447328218,-0.0577299344590036,0.0102885585149949,0.00324040977713498,0.0022077704643307,0.00362309294823897,0.0420700111823778,-14.3601791032784,0.138607585193699,-0.0212006770608571,-12.2509123911412,1.86534261185908,0.0397655772376458,-0.00549157379110162,-14.4524044601754,-0.411292622368448,0.057818504775978,0.00409468429637275,0.00198104757344154,0.00111055631540429,-0.193611486941465,0.034531505337818,-13.7595220802427,0.0187231756778327,-0.0176120162898163,1.83521295715793,-0.0602856434701894,-0.0329195354876774,0.0139947936088273,-0.491215909135739,0.267635658867459,-0.105315259683374,0.00374435841442788,-4.00548319940246e-05,-0.000735333040164666,0.0651795348985331,0.00838840101392102,-12.7736452203526,0.0641735014512873,-0.0220501056850132,-12.629334371696,0.362714470590024,0.00151173970309717,-0.0111878276623948,-0.458874314442028,-14.5200503750619,0.158775854507333
0.11063792557973,0.0246533111694836,0.0297623403260902,-0.351805664937167,-0.0085772778091715,0.0433526649280878,0.0486034764823257,0.0124726193581098,-13.4060886586542,-2.45669949690539,0.183332538815336,-0.0198705820457229,0.766953529398493,-23.9139224416775,-1.12645581349969,0.0146440265661193,-0.0056702417736119,-0.000522393295018786,-0.100738267589471,0.00194718236471479,0.00351553118686579,-0.111708090461186,0.0524348014315736,-15.8994429744473,-21.3141248335614,0.0788794695133081,-0.00333086952696418,-14.8133113376406,-17.8672264185836,-0.526787619360078,0.00599635450024616,0.00117313807045184,-0.000198759748682449,0.000904664058085281,-0.00265508832472886,-0.00260399410458787,0.150137938473875,0.0341980529261499,-0.428117996318904,-18.1847735229677,-0.0203793628068357,0.0194692418344196,-0.445979181818373,-21.3760842901253,-2.01869935793122,-0.00453826284317972,-0.000147170777573921,-0.00024090387780848,-0.0107312286092533,0.00332191029727948,0.000515549329404677,0.0790416730937191,0.00385646890090976,0.105179103039588,-17.7997377541725,0.0143505977774494,0.00849035089542775,-0.011019824586259,-2.05516063440223,0.0347602156275743,0.0124038910200567,0.000330150224500679,0.000685250397849098,0.0189297166874165,0.000796685687337792,0.00936039323146453,-0.274719838956265,0.0183263290273948,0.10705959862142,-17.7562850707322,-0.0489650788427366,0.00851782695369879,0.0492677462467061,-0.759128503754753,-1.18300124382879
0.141922928672515,0.0393793661014902,0.0357603657151047,-0.260823970597888,0.036994068904949,-0.137393052534238,-0.0467755172838847,0.0352762306484053,-14.2465235541035,-4.056374369611,0.306417426210608,-0.00237114473201703,1.68163248528879,-21.931064820939,-1.25819178136867,0.0422214156631364,-0.00660166919271813,-0.00111960601380818,0.0233027811142745,0.0057562847902998,5.49882710731835e-05,-0.125487747787464,0.0604843741215268,-3.60749952063166,-17.1154426303804,0.0632905083301278,-0.0101705553129868,-13.9929912896391,-16.2409522517834,-0.499329351945461,0.00293060085577131,0.00380544354870893,3.78352067145764e-05,0.039685910994079,-0.00130745320390021,0.0301242391180679,0.132779214020647,0.0472505740440903,-2.72109700836635,-3.29556469000303,-0.0107798498057183,0.0143552558386927,-1.04333327010148,-20.1741774386774,-2.58959145844139,-0.000377769330988071,-0.000396425944972456,-0.000315943060505915,-0.0135887654735878,-0.00351366239523624,0.0116156914040011,0.0477939161369136,-0.00264176630636927,0.272659775178216,-14.9424985350263,0.026662889648353,0.0076747560411497,0.0517184781611913,-2.21005063808831,0.338375449808161,0.00130918468338011,0.00038980630209988,0.00175213314819269,-0.0152793004402722,0.00101208989527394,0.0336161789080746,-0.23633943136429,0.0314993566203499,-0.0282812194104895,-16.0720766532115,-0.0875499325793713,0.00989462750414861,0.127933043897429,-1.13596358250182,-0.630913104598485
0.113319621827857,0.0243333866520933,0.0310203883090688,-0.0566713276313953,0.0291608751751035,-0.112600236811736,0.119265131702646,0.0307468387946627,-11.3698701734657,-3.20214216698914,0.150382724172803,-0.00814973560269306,1.43638791462153,-16.6403069838376,-0.611898491381013,0.00996470179554643,-0.0045696213886652,-0.00186373909512118,-0.0190292780150154,0.00387018404720948,-0.0267243270962643,-0.0912837481495669,0.081571786124073,-11.9041333525391,-22.0534243910751,0.0665276766727825,-0.00306231666981767,-18.7685796514559,-18.2726736040138,-0.0064209384058226,0.00987583637477148,0.000139483978916136,-0.000230971551479098,-0.00398165321095363,-0.00290303334265795,0.0497167086552166,0.11926404169769,0.0414985251295425,-13.0080985773858,-16.3016792213094,-0.0307754349251186,0.014770160158745,-0.499125977227689,-15.6998757777716,-1.60402309179387,-0.001959967408045,0.00143252750589603,0.000206819390350536,-0.0256994899216284,0.00334925904551976,0.0979175547751707,0.083330409460762,-0.00574853562343094,0.493090683089772,-16.7917480972001,0.0149049783526811,0.0034348260163567,0.255539152682149,-0.785041604151003,0.276380209973989,0.0136132504259832,-0.000334700712895129,0.000913134235753626,0.0114469519852532,-0.00247128418933366,-0.0254924657907186,-0.20426571514436,0.0302338694249911,-12.9497717276593,-17.3999054941589,-0.0729850909973447,0.000765333864445988,0.0912815125367632,-1.34893217355943,-1.19606424295502
0.118777052146988,0.019336877243611,0.0280778985810137,-0.143200951195024,0.0138873026016539,0.00521199731247576,0.132506877030779,-0.0595944177858614,-10.9612783881001,-5.32768532558781,0.108279807943586,-0.0472614178760833,0.97379618838656,-13.0411380115075,-0.709248681614186,0.0139415025744222,-0.00224331105134337,-0.000703939686738802,-0.00864935611207498,0.00429290647806402,-0.0313241655392244,-0.458405671133983,0.0724800997123024,-6.9678920325189,-17.6425516619139,0.0410471181160436,-0.0065209090002509,-2.593139588541,-17.6576112449065,0.0726072025223728,0.00886738412173838,0.00152690069067255,-0.000533091780136187,0.00963255523925656,-0.00336689091104767,0.0486235295514642,0.205193333822578,-0.0133321027856596,-12.5189798366791,-3.5509428255675,-0.057661183931196,0.0100540101647313,-0.265735624409796,-12.8376234944354,-1.15467405555367,-0.00176970040533888,0.00106175928209236,0.0016186105331648,-0.0221676312700842,0.00581528161099272,0.0491650712031108,0.0319905190892969,0.0259584550553637,0.583409385410115,-15.9093584184711,0.035777678723428,0.0121590803670582,0.138003617609672,-15.5938567962772,0.0474929756243796,0.0139533058376591,-3.73758283209184e-06,0.000571054308000827,0.00431984103769021,-0.00260211703660316,-0.00773072097389833,-0.173711337432182,0.0508654866473132,-12.7853699596125,-7.65750695058014,-0.0461160462156279,0.000604127242239323,0.011201855047794,-1.95473277076246,-1.29758955622777
0.122096403271997,0.0247870711972133,0.0333943231429394,-0.0642041765754056,0.0249800890224595,-19.2554258270886,-0.793260346224217,0.187451532840526,-13.9060217660685,-18.4034555506751,0.110413017473915,-0.0335121556748117,2.27217348259467,-14.8339089562554,-1.08243627507028,0.00392544117278629,-0.00396273157405594,-0.00218865306105231,-0.0259426000316731,0.0322282540148553,-0.00928702894301812,0.0408487648962468,0.0236241538214404,-11.5473844834458,-12.181121411533,0.0827482395068808,-0.0119608164781239,-16.3040785081217,-13.6919103650731,-0.15778781116836,0.0143113209480502,0.00127331743502348,-0.000284901433916366,0.0442970740296829,0.0057025379865855,0.784364393064369,0.241850285467619,0.0622111422584548,-11.8470729495506,-9.80223623147233,-0.00658073646413464,0.00692477067554582,-0.697956904897161,-14.4377155235286,-1.57496797472539,-0.00344673884935225,0.000707280990653063,-0.000102632277546541,-0.0235205272407981,0.00474206229951939,0.162668388822241,0.321318707342872,-0.0512888554325813,1.65038876391379,-9.19692270570801,0.0614317587889343,0.00977790644515679,0.342479154848241,-0.00115358574188784,0.212841842307966,0.0121240558579501,0.000208432972942582,0.00132334033291211,-0.0467442726499907,-0.015122115232027,-0.170985344851108,-0.250208700906358,-0.00207806169862792,-13.3948784467607,-10.2671182688438,-0.0927758928149793,0.00175142357364291,0.213074881757623,-14.7861815290452,-0.962829112040493
0.248021158403539,0.0276506722894718,0.0328624833065561,-8.96589224528619,0.0693470385326898,-1.72931035757078,-12.8604070009441,-0.120454479200184,-3.90393671492882,-20.9195105916866,-0.140418910909856,0.0102808314257209,0.234335444063956,0.269364120205325,0.13882757423334,0.582663752247737,-0.0163522618986131,-0.00257270071182312,-5.77419931656839,0.0150291450104446,-18.9115302676148,0.83375171753423,0.0313732744750011,-4.03868498598974,-20.5609940373459,0.000640647849898129,0.000772563743529834,0.190611022871552,0.135443640198806,0.00270711205184433,-0.148494277383845,0.00538236173440951,0.00117327999946725,-13.3244855923061,0.0722454748933912,-10.4651328670773,-0.421976342586168,0.0571753036616878,-5.12662638156814,-18.3525316374175,-0.0142349335535698,-6.04393359323953e-05,-0.0467289275452889,0.117919767528794,0.00676199230910077,0.00891890716586326,-0.00948507388009939,-0.00029576120516695,-15.0239934823102,0.0119018714117938,-8.94697073593068,-0.123885262051265,0.0338963981335255,-12.900382882111,-14.6056592458555,-0.00418530549695974,0.000355705827110367,-0.026359059527399,-0.152468515080386,-0.000956756388704302,0.0689952674629923,0.00251213144669609,-0.000418076707333442,-16.0383268279756,-0.0172840112199347,-14.8340301086703,0.85092165573124,0.0332586285587377,-13.0783114888046,-14.7873939937203,0.0149161155692444,0.00107330435749073,-0.0524838265536188,0.114362582993291,0.00870415196014588
0.058877610674215,0.0742483986655917,0.0472808764946752,-5.51454708543703,-0.0195182680506524,-21.1628801952167,-19.8322082662346,-0.103446753827582,-17.3519791320359,-22.5672940657771,-0.0852477284429198,0.0136506130927205,0.302635110347161,-0.147042098563605,0.092885226681537,0.202215289824998,0.0237301632749106,0.00120865304306779,-6.98746887414211,0.0127664607155679,2.28388321701304,1.82891066100629,-0.0269239528978025,-18.7605547280084,-21.2550849180994,-0.0959884643184934,0.00132119487999908,0.0119652601490169,0.0764731825734904,-0.00334740748910819,-0.240554800150124,0.0216094544007499,-0.000138683923360286,-10.113368054055,0.0671863244789924,7.38465213883138,0.243224388555318,0.0276995290594237,-16.6641930703992,-21.0432129281066,-0.00856163005883203,0.00231707461305327,-0.109627479864203,0.025238220676108,0.00133696468965069,0.0509371118479558,0.00332788451550656,0.000310365376562333,-9.88883321567483,-0.0244093840125598,5.08166102384491,-0.359169602933473,0.0568181274539731,-19.0307011959445,1.94657854002784,-0.0384571536567009,-0.000348011278438596,0.431790156713497,0.0433424539537928,-0.000175372157427746,-0.123882338829817,0.000880121950742037,0.000665510817770829,-8.37384702690163,-0.0049809498447271,13.0151777098075,-0.7444855490139,-0.00425297426733701,-14.7301687652755,-18.9994373668865,-0.0372135741638221,0.0032151909961242,-0.0202379228597963,0.0204892461221588,0.00702599831570934
0.234563215731211,-0.00183292047942091,0.0392498126818201,-14.0634933268936,-0.0130531349605065,-23.9822886482586,-18.9314067199203,0.0153475266125674,-15.1712002034653,-25.2785298492953,-0.179469358633994,0.00911955310046425,0.424436333996338,-0.191622099382021,0.0976992539287079,0.206486621089295,-0.0088688568371466,-0.000761581693134997,-12.4024894226893,0.0197138916938653,-5.09271573786873,0.55824271037534,0.0696393315254093,-18.5607022691855,-22.2547454169848,0.0328735447554978,0.00279803568054214,0.140470326326245,0.0477691915494912,-0.00318383017500835,-0.0736339717055688,0.0104991598977728,0.00109534241400356,-12.8352172081847,0.0861980487582668,6.87778297901375,-0.503883178423138,0.01833336728495,-20.3955361046766,-23.0203158173356,0.0191760456478601,0.000352089801875882,0.117897865410564,-0.00597707740226575,0.00339979454248946,0.118267097970686,0.0126548818021856,0.000103425903752064,-13.0584404524729,-0.0494893826319338,-1.62392719826946,-0.560646022599973,0.0498468479978167,-23.2641997352256,3.64896134569981,0.00557371612392827,0.000216000353322998,0.524370317907665,0.00799178825295254,0.00562710679334584,0.207675665245926,0.00474490602181454,0.00021622934328881,-13.2165357508708,0.0258149516229727,15.501102232534,-1.02907424160482,-0.0532496856019124,-22.0414877383972,-19.1235141935713,-0.00148532281979753,-0.000812867002573343,0.180437991996318,0.0272435700928701,0.0117787139317007
0.240979009520414,0.0244600050620821,0.0454304664078789,-9.44520696589055,-0.0597201580207805,-24.4359837734236,-19.3723444691946,-0.0678529620381431,-21.3593746076921,-24.4202637133708,-0.13014539585429,0.0120559669795402,0.409576460648655,-0.14657226869159,0.0934589990741274,0.251880892944558,0.00352517868909732,0.00109341435165848,-11.3031012671399,0.00917756081092477,-3.17261195822147,1.20775054277399,-0.0113001119917315,-15.5635973264511,-23.0247015829196,-0.0334491083928871,0.00103406319711369,0.0710614387693447,0.0741571818012788,-0.00235617534916263,-0.0730163591440652,0.0132314413498365,0.000803518693974592,-12.6054708840901,0.0595194275766144,7.39193801650394,0.191694201856659,0.0364652103522534,-13.5854396410122,-22.0543583664383,0.0142149452419126,0.00120554816235429,0.0306295948336552,0.0265132174420688,0.00215212046544364,0.13930748464039,0.00786639751531365,0.000984743263708452,-12.2776683260437,-0.0914918759234336,15.0039270998938,0.0912846534279053,0.0380376834063343,-22.2343178171988,1.69836401758784,-0.0179263240259154,-0.0010660279540456,0.487751646819838,0.0457652375950252,0.00349325978173266,0.0361996936769773,-0.00589720438772549,-0.00053125329953819,-12.6320977355191,0.0324571877098421,15.719635480189,-0.910841090027941,-0.0228437573760292,-19.109480857769,-20.9018674132504,0.000372241633551275,7.21098831759866e-05,0.152228953939853,0.0309521951803151,0.0111054218570576
-0.00930326100129723,0.0580494352224658,0.0498827052266892,-7.99820125524416,-0.0118301082249212,-20.0719512763001,-12.8890554673556,-0.0354105556383962,-14.8486130425974,-21.990913810907,-0.134026139108482,0.00905074120293213,0.21839234999261,-0.18675604556918,0.0968649529375802,0.368588188760075,0.024211331588171,0.00195536569508033,-9.70276566113884,-0.00640919443526561,-1.22080318633314,2.24135371349453,0.0607836877269429,-17.3470455331953,-21.4152143633356,-0.113697280595777,0.0050916913315006,-0.0146690716466441,0.0470746687954497,-0.0044016649257661,-0.08653957432336,0.0168696697282407,-0.000733307380812726,-11.340605292192,0.0256188865583658,-6.0765940193876,0.0607363309255846,0.0114762721114369,-15.7874022041025,-24.4337428507127,0.0448412925455095,0.00110329821874357,0.032733088176346,-0.0203988142062742,0.00106990625764249,0.256965777845597,-0.00292933037091382,-0.00046308286719347,-9.2464801130412,-0.0187033590995403,-2.55170406627376,-0.999857979786555,0.0509945568972429,-19.1047227468255,3.72831519925994,-0.0371063332910863,0.0012989206101949,0.394091484016991,0.0129624310035415,0.000325099608528534,0.0836611183081726,-0.00545620203241764,0.00099290768066195,-10.4326906846462,0.0554793270223032,0.442715718360387,-0.831166296919504,-0.0436192764958959,-16.9559339321643,-17.4438186216449,-0.0211096340462599,0.00167185820183285,-0.0085307128995963,0.0196417508646914,0.00445338138178238
0.183561002980455,0.0361425844341793,0.0660138015803321,-10.9218638091913,0.0454466630488404,1.24468860972892,0.598242334851673,0.102005793279414,-10.9629684886561,-24.6562858031279,-0.0342996118313399,0.135605170631542,-8.34024941198443,-16.338676055126,0.608289445746698,0.0161626365019301,-0.00133422569188874,-0.000511292320235551,-11.8726399871848,-0.137479019481701,-15.8269373051453,-0.213863194431401,0.128996821676809,-6.3818099464152,-21.0672584342404,0.0857652177376636,-0.0179663249328934,-6.13476485658793,-19.316335820937,0.221859731675599,0.00404297691152134,-0.000164336152132275,0.000808413937161405,0.0606876268143834,0.064544270682898,-7.88173196721231,0.137681582766028,-0.0409988659476455,-6.27007137394719,-17.9023698321216,-0.00897467098446288,0.00255335430708534,-15.2919586928309,-21.1028256381439,-0.808797195808591,0.00835258754461813,-0.0016635809817705,0.000217788983886411,0.0569854178159902,-0.0783103753653904,-5.80343506355798,0.0295920881996743,0.0260357501769997,-7.84696500641481,-16.0630634797092,0.00556652372278502,0.0156767355755855,1.72030532986111,0.213918507804446,-0.912143230791403,0.0381736319745699,-0.00218300261926744,0.00141803047374254,0.230541985835546,0.0310607884434962,-13.1264686546154,0.0774970385536854,-0.089826904273901,-12.7072331700737,-11.1041368424184,0.0340243163518911,-0.0144095741778744,-15.6266311706008,-0.728062303141046,0.20133228441791
0.179461923313587,0.0357466748217938,0.0656565649930324,-11.1729835025665,0.0898468145752848,1.61400672150883,0.6723628603749,0.138516068012683,-10.6977753727759,-25.9620890092479,0.0760900453299086,0.128262333796282,-10.4787000785582,-15.998349445315,0.596485185536296,0.0125369637496202,-0.00249456210838859,-0.00225843019158656,-11.7385073649624,-0.0894293674835161,-16.5722436105768,-0.191622925239423,0.162720188237244,-6.34894675240816,-21.7796234746405,0.0654604110236409,-0.0160073464256593,-6.57026086304692,-17.5983019465863,0.247102823844901,0.00364865941431156,-0.00178848322083295,0.00103831371827404,0.00932151258797366,0.100250189135242,-7.70555970709397,0.135651220970889,-0.0725012925084284,-6.18285037648108,-17.5607943934609,0.00313992775104128,0.00281188646963328,-13.392287800736,-19.1449878612025,-0.567040146297284,0.0067739803495581,-0.00257461082535601,0.000211641524931624,-0.0130155459036417,-0.059894582456766,-5.84828584909023,0.013609394806299,0.0064139279441354,-7.06570007351189,-5.81331232510567,-0.0119958580004938,0.0123619476559654,1.42481529756689,0.692602173958341,-0.422361222195249,0.0232188696838298,0.00201263170388099,0.00170326009190164,0.167652990506939,-0.00423015277858023,-12.7706642018192,0.0480360407638639,-0.0789430821929858,-15.6139261608989,-6.65255205036479,-0.00312123558149534,-0.00966002093389237,-15.963625686874,-0.565879217002215,0.194389925023614
0.16849445300138,0.0356046188490267,0.0630979651211188,-10.9752781954568,0.0386001627806614,1.25030627470096,0.698394399120561,0.114205706952751,-10.3816647761043,-24.309848021001,-0.00517361845413616,0.138552300133169,-8.39305030752592,-15.8334842635437,0.644613470434467,0.0138892201799311,-0.00122630624147628,-0.00140172290603914,-11.7840868277237,-0.135135795655766,-16.0279656418876,-0.235192228096221,0.152798830525641,-5.8937396470363,-20.1197216257885,0.0781716057134562,-0.0174470052326287,-5.91657808772138,-20.0101142079185,0.345920386613016,0.00912376628882513,-0.00158284229731379,0.00153991169288675,0.0261258201290929,0.0701875521612085,-8.00083965273138,0.26205115561519,-0.0485606146261004,-6.04727198002534,-18.0009852082593,-0.0116577111316319,0.00828266635581962,-14.8337680534812,-24.862981273883,-0.619725062046091,0.00601726467383099,-0.000855096559352916,7.82982252378488e-07,0.0513529347255902,-0.0762640978561852,-5.96471771962134,-0.137269240470612,0.0266841491223107,-7.51916565533527,-15.5161509906904,0.00272092801401104,0.0105685984376102,1.72190490672948,0.473942835679974,-0.411125043830127,0.0302005697661515,-0.000671303673406982,0.0013961249126142,0.19483516031506,0.033522114060369,-13.449674994475,0.157544777470468,-0.117997907258807,-12.2663376471056,-15.5187088102756,0.0100860506354595,-0.0120310224725673,-15.9730521820023,-0.717308323636613,0.24403035617205
0.181367574930115,0.0381626820972943,0.0604568499625184,-10.0958511125368,0.0348997593681239,0.941927050162042,0.60889528967078,0.162141386057611,-8.56791689580505,-24.2140540200162,0.0463546699285299,0.133924030237061,-7.70388465663932,-14.4968298927429,0.826729661963904,0.0180953326601198,-0.00057871857960184,-0.000561320853179885,-12.1662760927533,-0.123272910997638,-16.2624844587044,-0.0706381585595828,0.216497514893279,-4.66394404546948,-20.7878113635236,0.0789384579077587,-0.0249742165667922,-5.92717384985495,-20.8538499534607,0.484320241271058,0.0105884660680713,-0.000371968843921456,0.000708041844744687,0.27078337005726,0.0655906580399851,-7.79647627677628,0.255627961569461,0.0214973425699184,-13.4161671196823,-18.4629260956949,-0.00393825213614877,0.00400526759986784,-12.0178055928704,-27.3867377024575,-0.399908595572915,0.0124561331818003,-1.38483803532621e-05,1.94318173777768e-05,-0.0340151653577497,-0.0572138837769645,-6.4847655703949,-0.137377158930548,-0.023397909309024,-5.44413211064721,-20.4151718921254,-0.0214844018024019,0.0165032039095741,2.17385787013827,0.393625082898089,-1.09369583878446,0.03515388395386,-0.00321163504794133,0.00108379146446605,0.19356635653835,7.69593254969071e-05,-15.2949373026815,-0.0192511058774184,-0.120991413651593,-10.2738646095928,-19.1484569295348,0.00732581905518695,-0.011525566883909,-17.1696894520804,-0.759970775565102,0.423889171864132
0.183405494908019,0.0354248497000653,0.0598201653823132,-9.83753064094823,0.102563188572131,2.27517949812147,0.20099653004893,0.23152125198881,19.023017271483,-42.0028690683534,0.0759701337600499,0.117223366414237,-8.31076003136251,-13.7381498820792,0.825518110855732,0.00780747776281299,0.00105072926008897,0.000270948818316242,-11.4876930563927,-0.100021068495807,-16.2507553700995,-0.104580150097086,-0.0629753998261113,9.24458139815246,-38.4227167405632,0.0479484711586755,-0.0222535142895244,-6.19034300825171,-14.7708719924162,0.412934851293405,0.0092038176170019,-0.000123000713324271,0.00111181850588974,0.41336469232662,0.0702235117590446,-7.61398856690243,0.262279614487237,-0.238590752080543,-3.43135189863314,49.5291089685303,-0.00113072909619233,0.00953018264174828,-12.5722730461957,-14.9787434901258,-0.431077649632752,0.0121198648934138,0.00205309989753382,-0.000705077592628755,-0.384004161237801,-0.0192716579843882,-6.10785419656932,-0.260906852912292,-0.172153275851522,4.67658030577724,15.5540693353593,-0.00254113204955396,0.0152059911069763,2.04950374169488,-16.4769588961199,-1.32408180349359,0.0345877253821351,-0.00268228076234623,0.000652817451559758,0.37943585048731,-0.0728776381373346,-14.4481337817612,-0.0909098828559855,-0.116816229235353,2.11634883550996,14.4564576763535,0.011149137767192,-0.0144598541983044,-14.4916762807074,-1.18775369367169,0.44229847857033
0.140823846111463,0.0557266543377927,0.104089101204674,-0.580504497389163,0.360969555154954,-4.29146150503782,-0.0776321758309629,0.128763955351313,-12.6535137753846,-0.757958698841926,0.31929488716015,0.0617190058638431,1.67443050655128,0.514801690279308,0.167451927571731,-0.0217857431432759,0.00946801024291471,0.0114364924602285,0.0477566843000209,0.170733296522285,-14.682895271008,-0.169199643721241,0.0073899216782165,-0.767373582557252,0.552467234236443,0.0362761929790876,-0.0298463572531314,0.77130875124396,0.159117607200429,0.0913483249641812,0.0406710389988493,0.0122558504211627,0.0119443177847517,0.00308670746837442,-0.0411560479291146,-1.12091909042766,-0.0226690054249505,-0.0554837655566208,0.913087223616079,0.642658889699888,-0.0649433520813272,-0.0199081008543644,0.708590374915236,0.192883960724804,-0.00044078799779593,-0.000140663867195849,-0.00180645399237939,0.000814669222213029,-0.150540409881029,-0.0192838986127033,-9.10332006975136,0.029044864755506,-0.0406210832903972,0.0993882833468678,0.0231480539858621,0.0231216249249842,-0.00420417582473553,0.0241218575095814,0.0157079921483948,-0.0141686230759193,-0.0259496708261191,-0.00751155850350343,0.00185551987323737,0.00321069803872627,0.00927698113270317,-6.59653086490671,-0.0511730223012432,-0.0388953113836862,-1.0657056191924,-0.159627304681309,0.0272188523281774,-0.00929703967710436,-0.0016334127776252,0.0852394583590175,-0.0150563200693139
0.0465579027789914,0.0101860017905801,0.0507909557078496,-0.0186811810898591,0.0169760134706842,0.0769060082873672,0.0298712894848843,0.0814324928622501,0.183813768097939,0.227831854414398,0.015518062496847,0.0165563117113074,0.0201802718583799,0.121811113785318,0.075445791379558,-0.00409441534353744,0.000123757325789454,-0.00631216676356436,0.00237336121853185,-0.00621771820684663,-0.00375401574181344,0.0467190778590813,0.0134672744659402,-0.107228691561241,-0.15005836138173,0.00579441923670146,-0.00617859372299324,0.0013863641677211,0.0645406038480008,0.00510732376272113,0.000422015691934709,-0.00139762082994824,0.00396264717293047,0.00620810129355071,0.0035058229623545,0.0170451934975719,-0.0522629590898297,-0.00183911217473121,0.0235285443968478,-0.366415639473744,-0.0037991314206879,0.00125403972117186,-0.000732992961788185,0.0294819471656095,0.00253064429027133,0.00142855806872142,0.0019656145253833,-0.000995589351044539,-0.0133126269987603,-0.00214735309191605,-0.0107734140162005,-0.011750397392936,-0.00489253273572059,-0.0216074821364999,0.0928326821064501,0.00231644820363242,-0.00411345999093043,0.00621118929351025,0.017843473014675,-0.00210679438676887,0.0101705904882796,0.00461573048856012,0.00202401631090956,0.00773125265264586,0.00575187025381853,0.00636090860926945,-0.0462612001166263,-0.000451384420391362,0.0346274725816427,-0.138111042615734,0.00678098364866619,0.00230579806832556,0.00256437897789704,-0.00587468105595029,0.00493581045835881
0.0725590755431632,0.0121202040035188,0.0515892804664752,-0.0160407149380699,0.00597937413967465,0.0605677427619921,-0.0524294551340367,0.0189822964704907,-0.135103064439613,0.271515828612357,0.0244738654301365,0.0245323450058633,0.0219178783688793,-0.00905928007758896,0.0959158560157885,-0.00252684289260679,0.00286178538756534,-0.00182296087569816,-0.00595371811982768,-0.000713874159515301,0.0136537557654934,0.0192775736706949,0.00424808697935299,-0.0176149227635879,0.0317582455524218,0.000602743059408948,-0.0050564969652321,0.00707842460376192,0.0374618761253262,0.00863526668669473,0.00233598078500921,-0.00171304861892136,0.00147704627238854,0.00643674171607176,-0.0015406298507163,0.0189683735856221,-0.0127218723632446,0.00125864706502856,0.0139189917368273,-0.0801753094611174,-0.00379334561031971,-0.00162181203628432,-0.00168452943599308,0.0134228501399917,-0.00170506859252493,0.000791695178384019,0.000785130000109982,-0.000962814011756344,-0.00512596596896017,5.43091253127871e-06,-0.00215586016337634,0.00315444351623516,0.00228345802818442,0.00681359309808623,0.0172315554333472,0.00189267035201388,-0.0030929839349923,0.00155516578324876,0.00400223299609561,0.00147241561973812,0.00557534161916758,0.000421888476954896,0.000623345022273873,0.00400101092127787,0.00173478178152766,0.0187134645992098,-0.0226095958117746,0.00351772880069977,-0.0018049910825577,0.0047738410066192,0.00291353145704388,0.0015158894673015,-0.00370172247739594,0.00559915585834172,0.00495492689664698
0.0858875673690335,0.0204603344955584,0.0681256813300179,-0.0342680727627727,0.0199488645225764,0.156926548223873,0.00402849804826403,0.0165171963889628,0.00775222219853858,0.161979924389829,0.0321148896834272,0.0371836283597521,0.0219878528142406,-0.0507098938011356,0.125400196423511,-0.0058948353532275,0.00228104148737793,-0.00316544570851404,-0.00334524771881574,0.00508160445362935,0.0173046921776204,0.0120659841888583,0.00988555297756974,-0.0455626547729514,0.04099828212973,-0.00961567752859319,-0.000224310514513452,0.0131139715482918,-0.00156898497340131,-0.00243309218878546,0.00809496817236364,0.00129965094343243,0.00566707269481344,0.00101342320107538,-0.00220291855391122,-0.034282551881293,-0.00106101240973021,-0.00274608768812149,0.0324142120268453,0.0159488962623255,-0.003810373105176,-0.00756973257709584,-0.017695154447298,-0.00729421563540203,0.00103383517396326,0.00562449331271108,0.00223940618134372,0.00126936378041791,0.00419816596417056,-0.00352142284766489,0.00453784523134258,0.00669206262491689,0.00100718989687254,-0.00751994190541344,0.0390134509631146,0.000501213322979356,0.00274598293730855,0.00678738592846298,0.00162794314619592,0.00963809721677603,0.00198399379055807,-0.00299849065807139,0.00163809232527967,0.00267714642891183,-0.0033811566748465,0.0218284983219704,0.00483130228624235,-0.0014598390590362,0.00182137657056568,0.0371342178820782,0.00726656891268603,0.00125590458834106,0.00290500175120488,0.010765532613916,0.0025917513748565
0.0500441267060225,0.00848357711451537,0.045548941013514,-0.0155061629643481,0.00827096394671259,0.0671272579047755,0.0136693480193853,0.0235783372156535,-0.0896608504903247,0.452509915688173,0.0151910679380299,0.0148287726489018,0.0134975679497066,0.0143806601877411,0.0505890403245573,-0.00398961237193815,-0.000155378301308644,-0.0058589273834809,0.00265507975895559,-0.00287885522296458,0.00298908760043159,0.0238657752296077,0.00667906503632105,-0.00251349876747113,0.170011850594848,0.00445291101408149,-0.00745959451567389,0.00168360714555701,0.0678413699090653,0.00241533184476358,0.000937970085938788,-0.00267249105230729,0.00328151617866762,0.00580393688674277,0.000418068039359418,0.0101300546652757,-0.034995550513453,-0.00248800455311989,0.00949415136084669,-0.137205971210678,-0.00347066528366044,0.00131522807317118,-0.00245167929966459,0.0281458936025533,0.00277151113984556,0.00254219044383581,0.00238757034403146,-0.000631762827642699,-0.0104953916547128,-0.000525780036323551,0.00102123918637605,-0.00753966022196245,0.00084877112954645,0.0184922161499332,0.00973698638485737,0.00274095973241779,-0.000756938541625178,0.00711052201934288,0.00197621036177648,0.0035573437605363,0.00948833529833818,0.00443419663058821,0.00208594411965484,0.00581862412038003,0.0049472689259834,0.00446592772920021,-0.0425248211259714,0.00402835451706121,0.0218954588213372,-0.0619994916280581,0.00639794430104728,0.00307665589163484,0.00316055891204375,-0.00415692006516541,-0.000558136470510225
0.253805416381338,0.0198239871679855,0.0392415199474671,0.0158667329890467,-0.14159843367187,-19.6731493352143,0.116880893956156,0.035115658368703,0.7428869796745,0.0779956726449713,0.0449388573745008,0.0249809535611493,0.0300274441410751,0.0689325690014014,0.132769573328013,0.045850922983922,-0.00875017704520307,-0.000862531173047066,-0.0569145227712328,-0.0523547788018373,-73.1386566317718,-0.0676357262704124,0.0218386660466153,0.370436018792048,-0.0993264448070687,-0.0231221008287833,-0.00256513505508538,0.0130303444541709,-0.022825520969959,0.0427675137699355,0.0365915233326028,0.00541640996957471,0.000273927693669148,0.0526517191818585,-0.0650218746808363,31.5871035250873,-0.0307920318333072,0.00172938117411985,0.149302048236813,-0.0985099759110436,0.0288522119454901,-0.00194162303444443,-0.146623682822328,0.0386087759956894,-0.0150820888159657,0.0447599094229335,-0.000424616876978269,-2.25522991628521e-05,-0.425793600631604,-0.00887423064094789,31.7676728484628,0.0631692800376606,-0.000521152815884677,0.890851204986146,-0.27802068220968,-0.0202346634546535,-0.000403883482363967,-0.135719457532386,0.0245008255048027,0.011956266540255,0.00239553474097613,0.000413981860106868,6.98925003291293e-05,-0.277828864079879,0.0138432866007256,11.383882971537,0.00299266922056429,-0.00125389757024726,-111.409751538811,-0.290597916583762,0.00332371566493935,-0.00150411794787342,-0.0625502998069013,0.00738870929989128,0.0167524560524073
0.226523557432803,0.00900245768394844,0.0382347882493234,0.024319258677302,-0.10420827726609,-15.9626957239051,0.133245458888061,0.0295031075217655,0.672088104980565,0.0978784023838265,0.0418214584371609,0.0234792178852986,0.00668390501261665,0.0754713189720783,0.123503202425068,0.0429968580457296,-0.00525524356562796,-0.00112230919268229,-0.102251416862661,-0.0453631954634195,-63.8752782113083,-0.044263061699525,0.0162666127078594,0.248680773471973,-0.0580810907797581,-0.0378279127118196,-0.0022607843310631,0.0471419907958054,-0.0272793652909094,0.0515663103513163,0.0281763659214429,0.00467947729535769,0.00023802941582292,0.0610098118282843,-0.0657879714467965,32.1756051993052,-0.0329447726258844,0.00191604237053457,0.0126779421141751,-0.0700197791817367,0.0306566804217315,-0.00154712025881518,-0.120401127051962,0.0281747888410713,-0.0187896807497428,0.0253038909657664,0.00048722936383824,-0.000107623907323942,-0.373161848244917,-0.030082316984682,28.6425008482768,0.0726590143150304,-0.000108780727154824,0.75824206053098,-0.204324267363957,-0.0226620766666404,-0.00117895573447326,-0.139420120974204,0.0240723543659465,0.0159551627266017,0.025194438426695,0.000186787366583422,0.000197897802219264,-0.280925090499641,-0.00873235302732293,15.8828029224108,-0.0244583116801069,0.000107929285009261,-101.141112240993,-0.231678396418926,0.0106376542211906,-3.91266125723844e-05,-0.0994526892766201,0.00323059154870583,0.0138622604671181
0.211590711384553,0.0180106047019476,0.036130382075638,-0.0452378074088613,-0.063106172799651,-23.8688239631429,0.186790566783112,0.0564876723724495,0.668219401452126,0.30228950173676,-0.0351204626633197,0.03422579098561,0.395376229080867,-0.0223843645562701,0.1449337030244,0.0577426165453616,-0.00341458772351399,-0.000762133387680821,-1.6419181503241,0.00490506625394218,30.1282708806253,0.0296235876096726,0.0089782857022052,0.595283307951595,-0.0457740210347358,0.000641896267300663,-0.00687452652011597,-0.208201942289583,-0.00811624867209207,0.030379687529981,0.0259850282924274,0.00328702241423978,0.000707324804356298,0.214027702667302,-0.0881556477837389,40.5860606486836,-0.0731019564774782,-0.00639658769911676,-0.969258170411782,-0.0136426944423832,-0.00183073569548542,-0.00393590183357214,-0.167747082388873,0.0377579810122951,0.0324908741674554,-0.00223223990086513,-0.00120273111561542,-0.000119783504130345,-0.139705713929307,-0.0361673708768697,-76.6212832857366,0.0922842074491159,-0.00773077167796865,0.40957240614497,-0.0240549403507676,-0.0114985899031423,-0.00210652956879384,-0.0529198739750773,0.0111474142472434,-0.000253390325595475,0.033308913594528,-0.00215662111227252,0.000356327831072046,-0.083387109755846,0.0363995770242678,65.8103788828983,-0.0364382492880009,0.00517494208027287,-56.5052844765079,-0.0165835317578584,0.0225408146904467,0.00137924235728587,-0.224016772180299,-0.0337795638164849,0.00887269156767208
0.21527961050668,0.00916666484810033,0.0373858924939209,-0.0202443540781961,-0.100461846606653,-19.8406509792436,0.165459874725691,0.0289372208790271,0.525762167997622,0.129541976322537,0.049752074605113,0.0254499097860118,-0.0764949267575786,0.0921233297831732,0.121860529247185,0.0493508915443021,-0.00675030497247951,-0.000638174226544756,-0.188221862622153,-0.0357566048498506,-80.8669298565458,-0.0258884478148283,0.0166738327557322,0.131702154793907,-0.0623640542950797,-0.0344065490660565,-0.00491503048556602,0.00648935533605876,-0.0268895751113756,0.0555924682971877,0.0246435489448184,0.0044669922249314,0.000393807617542302,0.0055914478315643,-0.0587882959175565,37.21318853601,-0.033458265552084,0.00160528210769828,-0.0119328852624248,-0.0823175643458843,0.0275797594822295,-0.000809339054012427,-0.122708436024512,0.0307176126252324,-0.0196585281091204,0.043685065190989,-0.000835038377112657,0.000107251958979244,-0.499130089448102,-0.0226745109694636,37.6147766908141,0.08932897428053,-0.000709052226562132,0.811337432681932,-0.226149993159366,-0.0183186503814379,-0.00168803535935982,-0.127250936529709,0.018808530768453,0.01761987956872,0.0394770628107376,0.00191408537334338,0.000101524700003366,-0.368552760101306,-0.00621149126700034,15.0084405910784,-0.0139714482065673,-0.00041581810191833,-126.7479850037,-0.232893632755225,0.00986650732944589,-0.000432792078180696,-0.0855299332677636,3.09331780086899e-05,0.0174913009907519
0.201637855641938,0.00792614785571283,0.0377806254339312,0.00963980402498105,-0.110161844676186,-19.7752771931344,0.135507144055204,0.0338175206516396,0.431010029924807,0.229717693176057,0.0107550855566343,0.0285972018066906,0.0715520723159547,0.0596331141088093,0.140745112814766,0.0489756315552657,-0.00123285537357428,-0.000367575869393623,-0.0765311814778941,-0.0453458606539573,-32.9116074934861,-0.0514947553151184,0.0127381415469828,-0.0113001551175222,0.0129695960791,-0.0169072653949548,-0.00587021030170825,0.0440969567627813,-0.0359318446509067,0.0260734405463191,0.0105760170741118,0.00335221143357157,0.000459217232472235,0.154648833214757,-0.0543320216967274,33.5476182884051,-0.0480967747214823,6.95487888251356e-05,-0.158497303460795,-0.0140886345469784,0.0158628481867834,5.79851681797019e-05,-0.0909023579069429,0.0270933506110665,0.00820239522578036,-0.000629788861881976,-0.00111887198796524,-0.000281608094014857,-0.309865962256612,-0.0222075752803737,-3.57651815374142,0.0793480945157752,-0.00129823474831483,0.650374973401204,-0.125292044323951,-0.00817174913208014,-0.00290724221785557,-0.140802498435881,0.00916125607496408,0.00770711110818452,0.0271887953554571,-0.00052090195527723,0.000334352793092017,-0.319972984911107,-0.00420840501064512,73.8540161287074,-0.0331450654177026,0.000639281127181077,-111.189384083102,-0.164712339800982,0.00861013185177436,0.000551309457050744,-0.0498567903272247,-0.00491056829250685,0.0151115314659755
0.121598268990037,0.0111698466528885,0.053141378333091,0.393241264950081,-0.0599098985648145,-18.3485697138661,-0.0216052744627964,0.0131640236360001,-16.5116104620382,0.204370930906602,0.018420886271744,0.0177368812759644,0.199646194456787,0.00290429454079564,0.101974160506823,-0.00490062279242522,-0.00342781316404422,0.0017298221697141,0.510952790758398,-0.0862410602938968,-4.47161320808083,0.00720214638711351,-0.000556929456519868,-1.1097788613203,0.0460035333903866,0.00158518292085668,0.0020734005575001,-0.089168316971747,0.0143168648347896,-0.0114396596389239,0.00378140808438327,-0.000814045277311584,0.000178516051053787,-0.0604300264187041,0.0588185354553837,0.525691952254962,0.0079255694331855,-0.0074070679348875,0.50835582187356,0.0975742143123805,-0.00184471545456659,-0.00232821485203232,0.209608121150579,0.0194818346649873,0.00129085105230019,0.0090908267956089,-0.00409565106959196,0.000681965029246903,0.178528515159376,-0.223522688094709,-1.52445970422966,-0.00918365719542483,0.00745291314453316,0.223298182307778,-0.0321635515218787,0.00129605482321574,-0.00259413876865249,-0.0769291222512122,0.00259536862627166,0.00250291369108689,0.01712374677244,-0.00050509099135715,0.000544408574254609,0.452335049386701,0.117420739997015,4.51611396260163,0.0190380598518307,-0.00480503767997458,-0.0188727728015344,-0.043894070695307,0.000269883403655002,0.00216326992055964,0.0175780852266804,0.00560397112837343,0.00213483444185304
0.118993941397601,0.0144357795560093,0.0539570533972645,0.247257564326871,-0.0710100476106164,-22.0406044138243,-0.00604532956336975,0.00657593394069052,-16.8926228001672,0.202641969151685,0.0213100242778963,0.013946921610339,0.24614215757999,-0.00100851801251798,0.0940140705908818,-0.00635610641281619,-0.00348638578467929,0.00285048627346229,0.639569891549636,-0.127596344672474,-8.90548744268224,0.00209752317023853,0.000453902890969041,-2.34772242937921,0.0586970361617897,-0.00164080183002538,0.00386422314253486,-0.0203951001456429,0.0117580437486263,-0.00881368271947539,0.00664881218392141,0.000143569984151857,0.00111545955383007,-0.0754689766806809,0.0628625191321262,-2.67412691731343,0.00715005559761281,-0.0070679978140172,0.357275974457097,0.0865365097284773,-0.00155461458603709,-0.00156788078048372,0.176418865857042,0.0232986556000342,0.00266437066898898,0.00781453140584299,-0.0036284685059835,0.00019826602516665,0.0967715639860795,-0.205521646815292,-5.65548093444329,-0.00805849248590467,0.00414150233951817,-0.0947742643407217,-0.0330016309966209,0.00298895935766339,-0.00293344795059161,-0.0390953522006859,-0.00165092424992851,0.0026007862105487,0.0191744300876388,-0.00228613417231336,0.000602411729447685,0.34780473105719,0.13372109125206,-5.35506763877629,0.0221817060628532,-0.00521467177439941,0.0494802465895998,-0.0214148307791077,0.000995569276399867,0.0026315751595552,0.0166576453644549,0.00424857920476357,0.00184093444335767
0.193022176781589,0.0126816368064185,0.0417318506510289,0.181219417185506,-0.0916519061273219,-19.1219560420458,0.0466701971476151,0.0109559762838208,-10.6504817308399,0.334569608635169,0.039112971384064,0.0163824358268724,0.0482704822045232,0.00236917235517377,0.152484290567176,-0.00626723594414247,0.000166852575558688,-0.00119555387854339,-0.118300036528711,-0.0779580199435271,-14.9384422348138,0.0201306271820941,0.00411596063307438,-0.231849378457396,0.0413466397249751,-0.00525251673545955,-0.00247093299479884,0.299412067422628,0.0206753117102493,-0.00790567631936474,0.0297810206165137,-0.00266958805237839,0.00157411801561627,-0.304092392005467,0.00339345789364335,-7.85489291126682,-0.00365193752681439,0.00320518829008759,0.281481294816616,0.0924989712749358,-0.00910181178532201,-7.95442421332261e-05,0.303054514033944,0.000479584128564167,0.0113646849292471,0.000685954558248985,0.002125198538075,-0.000951177958061102,0.0730324001687467,-0.134393843890598,-16.9549551602104,0.01455123097846,-0.00447114269079945,0.397923236095874,0.0742561636496483,-0.000822258185928162,0.000537622394803069,0.173062273929739,0.0171881416533594,-0.00962913344741719,-0.00245216425989325,-0.000867813975416903,0.000394455924044737,0.342441490438369,-0.0212381459374839,-10.5211009912408,-0.00533580555715939,0.000134044625976027,-0.810794495218987,0.0586764764012052,-0.00447786626148826,-0.000639562231925936,0.166213474178901,0.000448356455500615,0.00372689794189124
0.176549146146875,0.0173634522926549,0.042578809936399,0.236521659540713,-0.0885726850563997,-16.0679770513416,0.0348826400721965,0.00935404735073652,-11.80339028392,0.359575537052668,0.0394247283040029,0.0158775253848589,0.496041365970379,0.0142284632579738,0.137001519635024,-0.0221948172466893,0.00220660964133672,0.000279334000905747,-0.0959975558534783,-0.0695052614007063,-8.88985694975366,0.0271785675118031,-0.00130921570329072,-0.760733144103945,0.0643803162034729,-0.00765699627852994,-0.000359153194327478,0.139705200053916,0.00527340860330838,-0.00871757200645305,0.0293470945160638,-0.00224910879545201,0.00231489665319765,-0.275139775097662,0.0304826275950948,-10.1412907449265,-0.00402651554539806,0.0064747621617082,-0.214863113404849,0.0807362235176377,-0.00811496198081066,-0.000762514658051901,0.310331187994348,0.00343221686506018,0.00965054723957381,0.000992630414720246,0.000562343115758007,-0.000747227959185725,0.126275636269461,-0.166684341645514,-12.7046778870351,0.00915530680865291,-0.00156980909578366,-0.0887642614370689,0.0775226537305909,0.00133310798757307,0.00164029262295138,0.129582581561882,0.010568849462981,-0.0146272606970679,0.00801751228038006,-0.000688281191396475,-2.54223705780789e-06,0.246566691792365,0.0601787045735998,-9.75927751804401,0.00871174957404322,-0.00423028406208637,-0.37898870465921,0.00745636219524177,-0.00230857446896559,-0.000553001692217729,0.102706205011879,0.00516491665548929,0.00612083245548925
0.131955682324762,0.0160077031179075,0.0530356441009896,0.378410448390518,-0.174304046725905,-16.6160550204562,0.0375567348642828,0.013371903424305,-9.66124484819957,0.239697302737177,0.0298094073770268,0.012173867088203,-0.104455736870123,-0.0113806525215528,0.0847313719436689,-0.00111595496191168,-0.00256520150099124,0.00508729992847227,0.448079930604614,-0.107443365417287,-4.19062030781398,0.00347152723125487,-0.00154650286723093,0.121968574998185,0.0530467784136072,-0.00267513358856157,0.00192557264730105,-0.198646142181746,0.0306404284778476,-0.0115529456267394,0.0121323541550683,-0.00359048784597227,0.000752128267803054,0.0342277060594878,0.106712489097258,-18.6365647491295,0.0114437658260718,-0.00694564923502917,1.08447863903633,0.105204249819191,-0.00138865467071512,-0.000864028898681973,-0.000434810523040523,0.0190814219565899,0.00203222195317843,0.00459187338962703,-0.00259126562737825,1.27429963793723e-05,0.162065201286468,-0.172925361409006,-0.366020670222978,-0.0245676384551436,0.00607782331629022,0.783635604803109,-0.0929694194554646,0.00512421409785023,-0.00154601808479169,-0.218280733706744,0.00114067853032104,-0.00107967406561864,0.0140905913123071,0.000746049505437343,-5.81720669210194e-05,0.589174670952602,0.0695342409327763,-2.80197834468032,0.0163541938770524,-0.00263223966603009,0.482849158783335,-0.0571670853286198,0.0049051466692749,0.00251245643410436,-0.0632982689315981,0.0103627172554011,0.00251807459722598
-21.0006282419518,0.154910501729448,0.033332067337118,-20.6131303405427,0.219967306574058,-23.9978436067715,-19.6140015432443,0.106124421340892,-16.0621996517269,-24.6170318550549,-14.4984087656925,-0.00479234918556946,-18.0765213967106,-7.57584447363492,0.568573091755342,-12.821346602113,0.102317252100596,0.000569933228944268,-19.3323444129415,0.248529336566848,-24.1300521009439,-24.5664471769682,0.0866141864066777,-17.9447233778384,-1.96730212159093,-13.432794042356,0.0943806489707262,-16.7323170018977,-9.40993645113112,-14.4935794386751,-17.7541319639382,0.0458001278635276,0.00161563564596552,-22.1069968914518,0.121408550783744,-30.2114434504372,-23.6816111886628,0.107944950401885,-20.3409300941689,1.82937851793648,-14.65518662614,0.0129089700429583,-17.7288090660024,-7.22915605460997,-6.45424827224909,-18.8251748616271,0.0023344287694299,0.000837709839358201,-22.9404974345379,-0.0160700166453012,-31.5369565694726,-21.5099722422691,-0.0293717331509868,-21.1286611272517,-0.669626817656426,-12.5635784691412,-0.00499442241792187,-17.1236475596817,-7.84191766789343,-6.56277451948272,-17.9161540851269,-0.0780939606949365,0.00118099438876321,-17.4485783137072,-0.140370650194928,-19.4767579073912,-2.22792619245603,-0.0675573682953758,-17.6566344011018,-21.0464360003697,-15.0490813646538,-0.0299466019426402,-13.496538963636,-11.9855722316913,-11.3009950616449
-20.827540122236,0.128738431675859,0.0338320278137055,-19.8170725507368,0.260919404184712,-23.4210609392086,-18.0810217326059,-0.000922856071280433,-14.0511651113633,-21.9685093138044,-14.1699876309026,-0.00569701512729124,-17.7900544690258,-7.39827289316516,0.677978629233447,-12.7975857823582,0.0874765866925741,-0.000266152530397449,-20.4767999078964,0.240093063364294,-24.2004440860395,-19.9085648034778,0.053690710296236,-18.1659244317062,-0.707861583102837,-13.1743448080988,0.0904034818218321,-16.4071044674463,-8.59694594543568,-14.5079365629627,-16.854835271852,0.0139988035026099,0.00193101840425025,-19.8940494682864,0.12719379323331,-30.1022053811372,-19.1780163405387,0.0310706348251441,-17.0456686729859,-0.577795488150212,-14.7013526881468,0.0118112029781254,-17.3995582393443,-11.5851428218515,-6.34781090174779,-18.6866167785838,0.0130638054916376,0.000860969888117344,-20.108865607527,-0.0333392430712671,-31.3832690113404,-18.1782202891763,0.00078174215590211,-15.7658356966714,2.65893919228985,-13.6166986642826,-0.00383519092699654,-16.7273171334639,-7.66305317269403,-6.43376474926268,-17.4511468404031,-0.0622545159767693,0.00127309440968287,-16.3684570880008,-0.143240538236249,-19.8983908600603,-0.503888551946884,-0.0178374837043501,-17.7035046097961,-16.7083921347714,-15.2214191267951,-0.0302572128927118,-13.5107485727746,-12.273266374116,-10.9565795351728
-21.3386894186668,0.148323823833442,0.036017370351161,-19.5752046323632,0.254511792766901,-25.0240211707344,-17.8066964041431,0.164259488307983,-15.5544419802032,-23.7351965468524,-14.4210607790836,0.00280871560493988,-18.1453732727319,-6.71415282885573,0.565416794902581,-12.715602523042,0.0858318861032867,0.000162797951465614,-20.3757730784631,0.268045633449766,-24.4698348092707,-23.651544896996,0.0894072630801885,-16.353029073781,-2.21795194594827,-13.2381836302897,0.0919607641396281,-16.9219570684241,-9.19984089398253,-14.6009377524184,-17.5310709578493,0.033559683206351,0.00172199833477823,-20.5604710911376,0.135350990293592,-32.0952398249756,-23.2982317347261,0.098532516797841,-19.2506180156596,1.30770891076815,-13.4967240143475,0.0133519811170971,-17.8800956242112,-7.2327178069317,-6.47623196928998,-19.57458997272,0.00675849194580158,0.000476872759555882,-21.3076902532734,0.00228470222710399,-33.61080307707,-21.1116396480853,-0.0165982209785066,-20.5567311088362,-1.43272859005916,-11.3059399108559,-0.0061356244589096,-17.0934821125979,-7.42601599791684,-6.58726211324283,-18.6443691937219,-0.0670035188239738,0.00128829633685607,-16.9846717488485,-0.170461549643888,-21.358808691807,-0.866766493102295,-0.0794806514153153,-18.6708742800086,-19.7649521761311,-15.2833495016322,-0.0282408689732767,-13.6256466168153,-11.9894367649667,-11.5407818266928
-19.8044360063593,0.105900110210416,0.0328400948850194,4.73704194926651,0.0346579800759931,-0.380742599099417,1.80244633944062,0.0754542207969793,-11.1471092664319,1.43137800357045,-5.80902293611667,-0.0214889244280241,-13.9474872899371,-7.80670685144378,1.55382055711113,-38.6200546154307,-0.0018658579885497,-0.000126279973149108,5.32037220419362,0.0134480861999439,-17.1148123960346,-16.062016950814,0.0659873034922825,-11.7071915997756,1.32415144402392,-10.8989024841486,0.071396423436604,-12.6063270480249,-5.77310566223735,-13.5495698732106,-30.2334232968023,0.0165553481141727,0.00143316680448993,-10.5590269673936,0.00709128938231863,-12.6806648465291,-17.1571346696377,0.0459542337542998,-15.8277812622526,2.04824605452857,-11.4648258296525,-0.00128127254515747,-13.1870344505654,-5.55785890500549,-5.31560712131934,-9.94901892226694,0.00194999854339975,0.000422806568168267,-11.6577146956214,-0.000672235613784497,-13.1196875833142,-16.5044021150086,-0.0023516005411666,-16.2055693804378,-15.634646523234,-10.9907819134951,-0.00544761414942858,-12.8740394430339,-8.16223423682481,-5.28697361963399,-11.6062413967315,-0.013536887570145,0.000692922813330298,-12.6758079222304,0.0115634891900717,-13.5409102041677,0.456108761508052,-0.0156756960094836,-13.4624898924221,-14.9558347554095,-14.8789622632536,-0.0210632879414322,-12.1930044152021,-10.4731840011164,-9.08307754564088
-21.0161843295536,0.154482657093401,0.0334861502633902,-20.6029683592675,0.218579084207604,-23.8498076902962,-19.4825990921878,0.0958064770038133,-16.1068753096731,-24.4382433553023,-14.4905123025445,-0.00468238243957045,-18.0711130035619,-7.69709031731682,0.572903417362443,-12.7437802491637,0.102887906754775,0.000505682100559334,-19.2485694740796,0.245712053589108,-24.0812252943749,-24.2449526418699,0.0912436050260714,-17.9696586650614,-1.86691252977436,-13.4493292547475,0.0941764830983936,-16.7250130782086,-9.40343029762618,-14.494389592607,-17.5891890874507,0.0423771145353261,0.00169443060372997,-21.982602046557,0.120218245866866,-29.9986819432447,-23.3851857285766,0.103028494857695,-20.3276710185784,1.81365607346492,-14.6642317493106,0.0130185246432827,-17.7210490807031,-7.21900724107243,-6.45089688819695,-18.7388573056867,0.00394560852091467,0.000809699372578807,-22.6981150640145,-0.0190902999638063,-31.2940162045096,-21.281693850164,-0.0298848579527502,-20.9772932954577,-0.557603140025162,-13.0692774202656,-0.00513556456968281,-17.1236466013868,-7.79905024625754,-6.56209266272116,-17.8215487494557,-0.0780516257287981,0.00117346700341057,-17.4028547049662,-0.137092474961852,-19.4003688820294,-2.15405617441026,-0.0639422656194017,-17.5968707885016,-20.8434573724152,-15.0682621004404,-0.0300062284306417,-13.5565026416692,-12.0334205113546,-11.2722331060456
-21.1672197131003,0.22785025931948,0.121872726084169,-15.2442308150262,0.0498546403000481,-21.4521362446691,-16.0028543815686,0.521276300961634,-7.57770222340483,-19.400012035949,0.281778790899709,0.0986728147982472,-16.3998495673046,-23.7742694520044,0.381034146609307,-19.1885909159615,-0.135986977089545,0.00886913200036817,-12.4622688291953,-0.453351411537164,-20.0439166282124,-11.3162678765612,-0.416257158879852,-1.62175021083306,2.73693265803334,0.579404039000577,-0.011687640370945,-15.1617094036451,0.239449136624581,0.135613846070214,2.32324963541501,-0.0197471301042674,0.0064717935327811,-12.8024846132786,-0.0773005738997252,-6.49938926298689,-19.3872989987317,-0.0840928391178026,-2.67766106009261,1.24968581023086,0.305710939849776,-0.0132704994212,-13.7047923213042,-0.107565642745338,0.108340889627969,-19.9079870527631,0.0224436762596736,0.00402842674264383,-14.4113385600578,0.457187715818753,6.89524306499496,-0.426541141355892,0.100111705196375,-5.87809461745966,2.05432555786096,-0.000942324191426343,-0.0053929216554486,-14.2939546773066,0.329354077249153,0.150319616666487,-20.686396557256,0.0264617739386556,0.00590539902373483,-14.9352431196456,-0.60811949645447,-6.14012483818707,1.18227747603649,0.123333849345501,-14.4166173028413,-14.5328247172896,0.16366125398468,0.0112519637522441,1.3626862026229,0.00409020388032367,0.00202675430844929
NA,0.137701605492248,0.121077203162725,NA,0.000246245316732117,NA,NA,0.660536087468964,NA,NA,NA,0.243357535634011,NA,NA,0.39019629678139,NA,-0.0811372104117392,0.00971194789790229,NA,-0.46028937778385,NA,NA,0.0525217951457583,NA,-0.591300130548359,-0.127039003835529,0.050877958999351,NA,1.50970465269181,-0.0490412877225403,NA,0.0430845588349949,0.00553192929353202,NA,0.215543190618253,NA,NA,-0.00249412703653613,NA,-3.86515713577401,0.501136663548001,0.0125780887491176,NA,-1.01129840427505,-0.0302025505512709,NA,-0.0427900008443926,0.00751353022735354,NA,0.691406520105847,NA,0.828738777875804,0.109770775774846,NA,NA,1.02107239887834,-0.00752395215504855,NA,-0.342629947158941,-0.0363202504648845,NA,-0.0151298259045762,0.00409226213027154,NA,-0.34600649461562,NA,1.60023786442024,0.0646851946363422,NA,NA,-1.05939507765065,0.00832436825510884,1.13819327702007,0.489804929044357,0.0690986049004712
-21.2208299725771,0.107669190129558,0.129820733540299,-16.2719008091189,0.0457959394647444,-20.7970501765817,-12.6145132409019,0.515177077130361,-8.92941702713608,-19.2275350544038,1.20897968422826,0.0951565996772729,-15.1994476722853,-22.5223943702245,0.683731368089203,-18.6200707962329,-0.0549438956877162,0.00998257853965655,-14.9731137750197,-0.453093468725564,-19.4406767238374,-10.6323246025548,-0.356319110758698,-3.40832827133068,2.73425422629736,0.37028243135,0.016112915310486,-14.5509863391311,0.178034864928511,0.0139854933226325,2.16670466638977,-0.0229770696667964,0.00562717483858025,-14.2747573898379,-0.0558141272284019,-5.45511466531726,-16.6535691358731,-0.0623337731873435,-3.25462731160124,1.42178714770873,0.164752079642987,-0.0314614575969955,-13.4461215426643,0.179134099357064,0.240154303860931,-17.1364702181866,0.0279182976390721,0.00769458878464131,-13.5364748371251,0.381383078695944,6.68785222199649,-1.23704959340837,0.105685769905278,-6.743429428844,1.51311541145177,-0.213942102064912,0.00404564151566701,-13.1428395444081,0.297206368599352,0.000432498176059941,-19.8523655307509,-0.0514205229186772,0.00215342941599753,-14.6170802720942,-0.557708453526171,-5.04611526371839,1.23604814997503,0.0676493568876687,-12.8931635224007,-13.9370081868259,0.212635027040673,0.0106763336294264,1.06109255063142,-0.313497768599127,0.0521202862620513
0.135635147229661,0.02289446226439,0.0400952278944046,0.69652949317425,0.413932501294351,-24.9218758975409,0.723451301699351,0.0302417358034265,28.8043288316172,-26.5051304932361,0.0331386302610063,0.0170575223293452,-17.5363948418188,0.870355676450508,0.127942184116402,0.00820376052923149,-0.00406024694860854,0.000925583722137492,-0.359378283655879,0.150348479304646,-29.8925179835257,0.434918486450872,-0.0564878952553392,13.3094374189914,-5.36374367937982,-0.00894314248756698,0.00485674493659565,-0.191145398208082,-13.5512433979692,-0.000153291001069077,-0.00423126350791334,0.00679646261139027,0.000922981161479071,-0.167565386508317,0.191132502870244,-30.866722593723,-0.705460258304826,0.21281242082612,20.5412808049008,1.6765366445513,-0.00047107129326662,0.000249962293937699,0.138785032031797,0.603669708438195,-0.00231595914837926,0.00778342785530076,-0.0050935232596104,0.000740381666363347,-0.713584823576625,0.0320731753427874,-18.9307960388569,0.324687449455827,-0.0438139471917729,-1.13735772362603,2.40012479754165,-0.00278155430103643,-0.000370696166443887,0.584889881318108,-0.806468282048165,0.0117766142088478,0.00398912544971237,0.00379047787160891,0.000448827289920719,0.313200516028925,-0.0183986502801696,-13.9737749465771,-0.346528503934796,0.05261436028763,-0.283738925889298,2.15899740994594,0.00419189477549733,0.0012673217213343,0.534859646766953,0.191876431458934,0.00579082326489149
0.136409797870583,0.0241720290398308,0.0426799023487389,0.603642955927641,0.432760761443099,-25.1223417166724,0.837725429087403,0.0787368722659906,31.7678992358712,-29.3463078205694,0.0342821592326818,0.0193027111627079,-17.156743024238,0.969093582289996,0.127168477701741,0.00620565933545163,-0.00421538024648821,-9.0140792121e-05,-0.426070270977464,0.175975318846068,-31.0843661136,0.343475131066686,-0.0559180280696979,17.8091846012124,-10.9335836319897,-0.00757331532492382,0.00397195216947675,-0.163613264246552,-12.8078958176299,-0.00198799003200024,-0.00575449268861805,0.00666696029869651,0.000999687650724799,-0.220486279245617,0.204032848559316,-32.3034808543546,-0.822214161093973,0.202870430483924,25.1112772634546,3.91304011257334,0.000181419946319126,0.000518858422068033,0.15631714846764,0.614515676839012,-0.00235762760340915,0.00589687646619814,-0.00500242933720272,0.000945422677877337,-0.744670534509128,0.0378447597703702,-20.067499298425,0.326467243519033,0.0197178188288245,0.0938968312244241,0.505610428963966,-0.00207068603841353,-0.000175869556485968,0.592374907359826,-0.65764654599318,0.0118277349262892,0.00228457398988073,0.00405421157479014,0.000412555862358523,0.317415835712861,0.00354004620246801,-14.7255829572838,-0.256724785588509,-0.0250311786228081,2.38900092700358,-1.32206913174983,0.00620726921341843,0.000579404579205585,0.544485196823732,-0.0775991663887364,0.00504695116270633
0.121785151952163,0.0163626639835308,0.0506766472343387,0.761584718521833,0.516977276711123,-26.599230762849,-0.0335556493769512,0.0198391861579322,-40.5358916051929,0.317528992425229,0.0702206187642262,0.0218372832203552,-11.392471996362,-0.108544042045825,0.247773011144012,0.00337077676323495,-0.00205623837931881,-0.00249053012389679,1.06312512177682,0.24375340600688,4.20598307291369,0.0311515602930082,-0.00300179046703529,-14.9397070401165,0.0698908159793775,-0.0487620194675987,-0.00144992604155162,0.852187923384241,0.0231875121756735,0.00901247051601837,-0.00320645106585307,0.00363233273638884,0.00181299893383204,0.488934245045791,0.236562500523229,-10.0412532475909,0.018308071540663,0.00191441928622767,0.791726133576196,-0.0113290674661866,-0.00284125134729103,-0.00729129061459874,-0.788733101927624,-0.017339476443788,0.0384088605718766,0.00654304806139416,0.000963501162960385,0.000436055126777848,-0.479318512748588,0.20606189347099,9.38361479110502,-0.00105329364137877,0.00152302929621479,-0.659784983647426,0.0543375884317047,0.0100901614787624,0.00143758067002444,-0.0592188012458413,0.0152539497276957,-0.00352553393348635,0.00396655141295384,0.00405235158657,0.00129423262390464,0.413011256668643,-0.0962331907921049,-7.90668998858394,-0.00634049373446222,0.00728852598595158,-0.853758992729076,-0.0130841320826543,-0.00187310991397289,0.00414991773674732,-1.14141461494313,0.00477361605340606,0.0269061701940804
0.133450863561269,0.0191378061867256,0.0605331196604172,0.804283925476084,0.490036566382978,-23.1688556772334,-0.0341148631002301,0.0233081735177328,-11.0360111417308,0.261024382271477,0.0514732240290381,0.0250088886401738,-33.0526533954148,-0.067840629839062,0.258181800108492,0.0121252768058542,-0.00457350485623401,-0.00423869130301561,1.08989970379557,0.266604429713673,1.07123939372948,0.0114986844806608,-0.0103870859692649,-11.3047915300622,0.0244744295944864,-0.0690770647571221,-0.00504610801324837,1.33359880021685,0.0357976869040615,0.0596893580367882,0.0126370864538722,0.00276317830855818,0.00439537494862064,0.448531432745045,0.266756490639107,-3.5141349744132,0.0202656407394599,0.00178645212813933,0.658617044732143,-0.000648377892186306,-0.0132065415886525,-0.0046182459315498,-0.466225688023546,-0.0113311979242385,0.042589401529413,0.0114700253667317,-0.000926735656689297,0.00232371677590067,-0.327772691682666,0.122437897845612,10.6315249476921,0.00154031083841231,0.00339561959589789,-0.94074430317347,0.0396454999182655,0.00171876653840608,0.000378865208118809,-0.01463457324598,0.0147006953794835,0.0183977179305822,0.0127276678133269,0.00274002298629445,0.000273646952012195,0.196618121781031,-0.216210528337354,3.27907924374671,0.00377509992993965,0.0100266438570175,-1.03103117528215,0.0124246265222326,-0.00632395280077614,0.00974970493684483,-1.14237878998386,0.00276994914896635,0.052815248736227
0.103675235598141,0.0320605775368249,0.0514530291473722,0.120152334267707,-0.0337861529321605,-26.8028355350411,-0.0829015593954169,0.0108714962625037,-12.6572515799542,0.24036422863857,0.0649022580085884,-0.00332297081828251,-0.361325308184621,-0.0564674164635523,0.164862305624822,0.0212928883227965,-0.00578808868369591,0.00505157472499167,0.144297679601172,-0.0131751243152955,-15.6106445548101,0.0343190554923012,-0.00456482217670046,-0.297012155790334,0.0504261073187019,-0.0150376043315568,-0.00944914799981524,0.493924924727609,-0.0216298133838437,-0.0297676744202933,0.0268000245719804,0.00410431327212037,0.00256730648496795,0.512760323514474,0.114485596591144,-6.03975318171826,0.028880943698921,0.00582553442107843,1.36828475166488,0.0456730641231676,0.0124165886439403,-0.0103166503320173,0.0888300808744744,0.03103622796131,0.0286161798055056,-0.0180285890465145,0.00646184964089246,-0.000203739496668413,0.044160762599702,0.0897004782422395,13.334016986431,-0.012972212394657,0.00358147305571389,1.10705741383178,0.0788999741000047,0.0127739809867257,0.00454756470571848,0.178300811695798,0.0547038315805308,0.0172711101487147,-0.0103513962948717,0.00266539752983457,-0.000675559120317775,-0.0104348332785554,0.0929975287814578,-24.7642936105755,-0.0459736899192787,0.00562272881895248,-19.8456125199428,-0.0168709522497041,0.0197839551606017,0.00893615454985136,-0.166018443992072,0.0119703112910408,-0.0143940262700736
0.134932867888296,0.0276837977484118,0.0505312965807935,-0.468005453755093,0.169934214671641,-23.3202620581484,-0.0495790021175388,0.0223222669923677,-13.605075766689,0.428089739577246,0.0524141084832298,0.0109029328205522,0.0369148460875718,-0.0467978271669142,0.195376825308802,0.031460590544953,-0.00696022084767576,0.00415255182748011,0.13277197978226,0.0398035790930746,3.885391954513,0.0478144849789146,0.00055544257699382,-8.84927033198756,0.0949148658073527,-0.0304018077715955,-0.00206340537252852,0.616965664930775,-0.0182525166463984,-0.012329309882626,0.0145744010970269,0.00249728263618613,0.00208959496365512,0.809817601187441,0.126306536477971,-8.12746641569177,0.0292553583193882,0.00403736852630528,0.713105335004405,0.0137604069309334,0.0116025112091273,-0.0075286864203474,-1.13528450241744,0.011272487845981,0.0223865559688899,-0.00823269706527737,0.00253042669683889,-0.000648509947936771,0.289508182904422,0.122015880306743,9.4249520471655,0.0146957403163816,-0.00389520606912517,0.805036374329368,0.0763626882935858,0.0119852561659245,0.00189635121952046,-0.231091773313687,-0.00784192579575114,0.00336016481499451,0.0113990303877727,0.00027767488219397,8.38168744318066e-05,0.133034367986614,0.219100853800383,-15.9971727847657,0.0020040559337099,0.00410313192228763,-22.317126340638,0.00934019310417538,0.00272458950053981,0.00899365436214609,-0.404434206184001,-0.00955502842639007,0.00596050500669519
0.130105304692586,0.0165829135807937,0.0498826859713105,0.520819884106828,0.535789632283495,-21.6326179505409,-0.0196738467717587,0.0221725654080648,-12.2506312975725,0.315571214586546,0.0541363391190839,0.0288048415563439,-22.9319982257957,-0.0923485259371694,0.283860625611414,0.00856060514802697,-0.00288248727856241,-0.00276881432623261,0.87381420119846,0.239785406476054,6.54896989959243,0.0340089061696113,-0.0026735299987204,-12.9142205938397,0.0815039587193439,-0.0499351652530133,-0.0025648085796626,1.06973203704236,0.0198957113179776,0.0290357945905784,-0.00342560666585789,0.00350927638493402,0.00241811336020161,0.275306949412263,0.252561813869045,-10.765718394336,0.0157733890702861,0.000421376992615285,0.724158924309213,-0.0173987087408986,-0.00692977055558918,-0.00706154363460255,-0.598082096972079,-0.012249683633834,0.0482674257360672,0.00997052549487146,-0.000155945385896491,-0.000311942401107573,-0.347785886231009,0.108041083145136,8.06792273849822,-0.00102495208846641,0.000697696293382709,-0.708274314826465,0.0324112255231916,0.00490660582221268,0.00098010319575729,0.0119458792863046,0.026637571914012,0.00937584822359765,0.00465956645933273,0.00247470156106602,0.00255246361525068,0.247340723247278,-0.160115302337232,-1.34347575730795,-0.00498468613949411,0.00501103917413489,-0.784721146784857,-0.000303448801611498,-0.00974546897610618,0.00266497310090969,-0.987800950436029,0.000532179244076572,0.039622829743277
0.072438632036449,0.037995265933853,0.136936391509364,0.101745898247528,0.0730100623900869,-1.40628872941782,0.101448687938789,-0.0525353414003382,-0.158793040390183,0.132934552183308,0.0608681260772741,0.0066497327650663,0.300312295345538,0.00977711023846499,0.109985819879058,0.0228010589503321,-0.020992060421385,0.0355974859040004,0.154537262910952,-0.0926072407842876,0.0596958438757553,0.018044317040545,-0.0158830749264111,-0.175420395683231,0.0394933465426634,-0.0223596445750994,-0.00711095693965459,0.0230376598650885,0.0437381612837656,0.0363466031771027,-0.0117412176743524,0.00316985547126779,0.0205142376087912,0.167751723665193,-0.0793726359878405,-0.579208072868028,0.0377870506304596,-0.0249407017839866,-0.0616855603671861,0.0683365438469433,0.00340601917162699,-0.0124545932987217,-0.0648196332337915,0.0170092892319569,0.02514568796893,0.00305901801761815,0.00356374080153637,0.00988763399479495,0.0939528305915324,-0.0559572503206243,-0.354586028942878,0.00970775826540045,-0.0205312622197551,0.0331988264444941,0.0447534624115716,-0.00152666790710959,-0.00511488331396309,-0.0139507689650649,0.00727184100641908,0.0449653104448815,0.0035074657523942,8.76829238403377e-05,0.00703168888569693,-0.0226930735521961,0.00443941707852068,-0.119569769966007,0.0123930737157707,-0.0101946219169291,0.0332551205240588,-0.00194692661797829,-0.00285045859826666,0.00232068163405297,0.0565991159160539,-0.000913486508242515,-0.0121716712366635
0.106087306594562,0.0181300437237253,0.0567410609584671,0.00795100828190331,-0.00118692502283828,0.315467682437759,0.0147300777160415,0.0141040393567632,-0.0190547990378642,0.204799600458862,0.000920866529366102,0.0297517872654345,0.0621226132366249,0.0289632627015429,0.155602499495593,-0.0046323006786216,-0.00412663999536105,0.000746736375277279,0.0272178817895949,-0.00560060736847075,0.027984313542378,0.0147185250942689,-0.00140922242424186,-0.0133198292563127,0.0506059522563951,-0.000403625260341754,0.0048334463840627,-0.0179649862968416,0.00972512401431114,0.0118151093730018,0.00567124724837769,-0.00123131375767726,0.00378034970267491,0.0151102686542783,-0.00833457895564694,-0.0482089109144538,0.00163119378490256,0.00679406525994571,0.015784443166337,0.00270308056222299,-0.00251491471688859,-0.000737638843412227,0.0216823418793575,0.0173907641357098,0.000386229832073345,0.00352922613081995,-0.00129696763644314,0.00332187509386523,0.00931654755618582,-0.00386066212481312,-0.013080937243823,-0.0126500267189744,-0.000109494279808989,-0.0549436068657644,0.0340016611567953,-6.69059585989728e-05,0.00188778027521985,0.00672536994458539,-0.00207253645210187,-0.00466321865751986,0.00502796420618504,0.00264477439272257,0.00268714958606584,0.0129397644182503,-0.00648010569767237,0.0300494451754684,0.0041552888153598,0.000723191696140182,0.00924794143440865,-0.000976812805879738,0.00710171010672645,0.00138551443285399,0.013657058175795,0.00861582110454337,-8.28642900380266e-05
0.100871459848595,0.0237614748675459,0.0529120008802464,0.0058802845549204,-0.00795834525349388,0.324734094890952,0.00224603092879813,0.00901587906930253,-0.0344128270493037,0.158831722318048,0.0123321762132079,0.0246740357063669,0.0757883216333871,0.0182660034855971,0.134186111766039,-0.00184243558732429,-0.00487053395738041,0.00303731127046758,0.0290502810111592,-0.00378487676695885,0.0737634057031529,0.0156713044580232,0.00363195231481235,-0.0148662766353999,0.0500495977028365,0.00414122583571005,0.00316014569404374,-0.000971572119406694,0.00708412882809688,0.00396513718159187,0.00785515323727051,0.00041978854985979,0.00200004661894968,0.0159987296509937,-0.0107720581382042,-0.00283473297351698,-0.00176229150524945,0.00820463956681659,-0.00475773901773765,0.015915129300077,0.000872451222579426,-0.00389355602475089,0.0109640967964812,0.0144693481580709,-0.000527306154320482,0.0062510362128678,-0.00265822776137845,0.00228609297596466,0.014576921175278,-0.000743788894078657,0.00599186770840646,-0.00669917730903588,-0.00330006579389458,-0.0611263587402636,0.0365245975338685,-0.000678894913882423,0.000974265192394569,0.0066785406102524,-0.00239066023986169,-0.0103575573949093,0.00533438753583915,0.00392348253725257,0.00154592504445638,0.00878876348030414,-0.00316017320529271,0.0144555582268805,0.00589086014378191,0.00495816884568952,-0.0114339513053883,0.0159110731653703,0.00625100560211327,0.00111330102955398,0.0184229735605239,-0.000158203080509796,9.73244250445173e-05
0.0783127942544953,0.0189169806537309,0.0736860030112491,-0.0184845639541681,0.0100871382014014,0.109070224717578,0.0201299783841541,0.00239986435009004,-0.170215659042442,0.149654591537707,0.0145099496554896,0.0247087537401277,0.0693501692682202,0.021380966454132,0.111210367008282,0.0129720352288267,-0.0106985506619866,0.0142640990075777,0.0197254946719821,-0.00143071230527994,0.0254968635184897,-0.00035274538238518,0.00341969115604096,-0.00428568415765653,0.0169304206120299,0.00699126131630762,0.00039358652551484,-0.03707086984635,0.0187686629252612,0.00442760205960529,0.0135059998126789,0.00118290036790689,-0.000588239358004648,0.00833392295584887,-0.00233149830054742,-0.000759417345797097,-0.00338146707579394,0.0045305547927283,0.00930829687148196,-0.00538018343180484,0.00483432109711445,0.00192305753984771,-0.0074163191064607,0.00518640990467888,0.00458655435101405,0.00627026352676895,-0.00378165998159768,0.00387460820397623,0.016757681378491,-0.00207426999743088,-0.0311820052380356,0.000944369741567449,-0.00469246020588176,0.0208317142016211,0.00286777470177909,0.00464456851976837,0.000855471237977141,-0.0115283864662751,-0.00478429715749678,0.0099078442666579,0.0143928499086785,-0.000162792628213722,-0.00165623381608291,0.0124491286557593,0.0121381372977936,0.0246317282602754,-0.00239478921766917,0.00854717912797153,0.00580816004999352,0.0106207933161585,0.00173810328026741,0.00290831810699606,-0.00207599304970479,-0.00138256812759522,0.00341406012267806
0.0713899228506412,0.0201460214543139,0.0633455249169243,0.00487235023426271,0.00412301088930773,0.363621931934333,0.0069171451323844,0.00349585354918344,-0.011618842310819,0.137054353251306,0.00847250273894064,0.0227642964085861,0.057636712562803,0.00923797078731408,0.099316066965791,0.0114010356478327,-0.000112707207362393,0.00537944511584633,0.0338025009257608,-0.0166547207390587,0.223623016797675,0.020260754296752,0.00978339281570709,0.0281305884195989,0.0322168941462313,0.00229314475156313,0.00532675536606246,-0.0445220165100528,0.00792784600239595,0.0092025538072722,0.0114229170460011,-0.00284203235172586,0.00249680093818105,0.0216643205252001,-0.0258182492083303,0.136131442928746,-0.000585305727138022,0.0040129828147587,0.0035013191190779,-0.00708718901446305,0.00558617424689377,0.000145004283452141,-0.012562557358332,0.0239042419985802,-0.000432458875811286,0.0143211123303811,-0.000752170034253058,0.00225779943764247,0.0216286001783219,-0.012414860432588,0.222819744671418,0.016628613055685,-0.00167324395206987,0.00160709872926011,0.0446457046695395,-0.00254231344425253,0.00668590343311553,-0.00718724134428145,-0.0056158794040029,-0.000823109396008588,0.009907525515551,-0.000795252054294555,0.0022328500055188,0.0285505837799258,-0.0135575277701647,-0.0363544119720606,0.00965627450029225,-8.65936567525871e-05,0.0189707678439993,0.0165443506449274,0.0124684415028407,0.00042599036696013,0.0215481461833513,-0.0105180179811455,0.00156180085270665
0.172567160668425,0.0367995839880361,0.0393274763471251,-1.05130206236569,0.177363128624766,-20.9201991145374,0.257367578895529,-0.0827409277161575,12.4822062578531,-19.9242695049246,0.351432143610798,0.119815690634577,-0.274295398502586,-15.7069498754556,-1.48712427699831,0.00227678582300437,-0.00021664346477554,-0.0012171410506231,-0.0405763335970605,-0.00878985726482642,-22.1682262338643,0.21751007135781,0.0692070649689134,-11.9663375984899,-16.7009856618866,0.141633264700791,0.0078240908489539,2.13738829760112,0.265188965032116,-1.56652248513323,0.0249387158699012,0.00220281618441124,0.00120190684207638,0.0715976742623508,-0.0149530160979325,-12.992002709189,0.0874794584198181,-0.0026246402865638,-15.5293862880355,5.74232391673826,-0.0905401653627058,0.0179357942820255,-2.27689212502012,0.767572426887009,-0.859411291127398,-0.00829613713913046,0.000424608826802518,0.000253066757337812,-0.108605974123397,0.00277838432758465,-16.0233772213734,0.0783674153963992,-0.0278466338152908,-13.4730192169179,-14.0982788793114,-0.0220828284108966,-0.0202093811649549,-0.755945558251537,-14.7731681140097,0.252360482669048,0.0188420486846786,-0.00145892652056817,0.00221140654731017,-0.0927548709863952,0.0127833572628918,6.37573207525142,-0.0875231453592801,0.020505561940991,-15.757044787747,-14.8441265367538,-0.0158915841661282,-0.00556845320123427,1.52915307540536,-0.409114970652411,-1.11204719384208
0.150543196421299,0.0218979471681028,0.0467588406016397,0.673871312448636,0.181076830185717,-20.4201853442504,0.317052086373409,0.417272084880348,-6.44481480043893,-16.8927303923631,0.00875170859076554,0.0731731221534066,-12.1845306359513,-17.3122517617468,0.167815837747916,-0.00442762056894892,0.000242050257512066,-0.000697743219032913,0.526777197146729,0.0564469303734888,-8.21662422495067,0.204916891109878,-0.0974492889141908,-19.8336585023865,-18.0833355435063,0.0350779713521219,0.00578293498300653,-11.4552441099978,-14.3495691827598,-15.8974502992434,0.0235782284428839,-0.00112969283140028,0.00152576010592477,-0.485392299933528,0.0514785528602315,-10.5525099960194,0.142207241234549,-0.0537445407819168,-25.0165276043739,-21.7515194741933,0.0501567954756873,-0.0367639586178513,0.545883834318814,2.06235267355719,0.459674465817981,0.00658074183958757,-0.00130571347727094,-0.000430356215204893,-0.562319676857553,0.0950008123547478,-3.91242161387745,0.376665776272468,-0.0929869851998483,-16.8903187704671,-18.3368210721615,-0.0960226493651953,0.00188760474700394,-0.753133809258338,1.02223573951079,0.271174945738324,0.00965487937742203,0.000983275031267581,0.00191056486544938,-0.00461112250933118,-0.0995826561922399,2.0526954495945,0.292564423915325,-0.110848769961636,-6.61620728815498,-15.7649926493496,0.0306896592927692,0.0192325580818531,1.07296429852746,-0.607229432487835,-0.162428510112997
0.16051829364833,0.0311716172485739,0.0402676786609997,-0.969854026495351,0.116521575090928,-16.8067778877945,0.0806439764630351,0.0392315365245227,-2.70514860721174,-17.6412914197441,0.18301408327712,0.127704216704874,-9.9713297009673,-15.8644352470617,-1.3457882304486,0.000524820154128702,-0.00168394403102431,0.000413029514511141,0.0417603754855751,-0.0909990610603865,-14.5945232768709,0.17555031173691,0.0847548279876991,-5.53173333894629,0.823607933579848,0.0776493619728723,0.0295738000307791,-11.3898628447399,1.8656617809175,0.223116047753866,0.00732954470274817,0.000222456811056842,0.000588015466957542,0.132668173044252,0.0163971125629354,-13.3689715994597,0.219328947183689,-0.011277709752509,-7.01891866299018,0.532621344387201,0.0428900547289305,-0.0256964183406482,-13.0369694251337,0.579511600128227,-0.398375397744198,-0.0030688817903394,-0.000244398885632335,1.0869772710858e-05,-0.462647485026038,-0.0317594513520547,-13.5970313060967,-0.0655847666946393,-0.0394913784516332,-11.4035593548887,-0.0373839312327552,-0.0924526569626709,-0.0196853298971093,1.44998501208512,-0.337703720879991,-0.598721121807717,0.0141626880224568,0.00100799987294804,0.00161167348134169,0.273234449536193,0.0661706429101752,-17.4277951938806,-0.0816230352897074,-0.0248185120265154,-10.8652039225967,0.0270096621465409,0.0219767797726618,0.000534903240647009,0.667215643557555,1.26420351863044,-0.439180012481456
0.155934293351376,0.0316062205369375,0.0464252519291901,0.67833926437322,-0.140783165509991,-11.1897611755568,-0.295270724092873,0.0435208039971122,5.66268393398162,-0.310173161791487,0.140428869321565,0.0858117301372992,2.09010508233724,0.305171158055091,0.0485323505639601,0.000519645191459308,-0.00149173075044324,0.0017056711420345,0.560652333207276,-0.121726239717532,1.43682696697295,-0.0514514670842616,-0.00239681397277226,-10.2618676306487,-16.1006469308765,0.0390797618313102,-0.0156108634866186,-13.0437680182964,0.915027469219763,-0.342770825954713,0.027708220893553,0.0014020193299319,7.67301037321379e-05,0.0804019759789532,-0.108904042114136,7.31223970447243,-0.0279757447063821,-0.0113941377628215,-12.9859270324861,-14.6253645637746,-0.0462242148001318,-0.00278498440036533,-1.01146413242201,0.404383618987936,-0.414815630549554,0.0212451957448446,5.08470089046356e-05,0.000880126186413788,0.322261318458561,0.034188732560788,3.94917098804547,0.0740090240984475,0.00783162116980901,-21.0945317009153,-13.970053720035,0.0312997646305908,-0.00321770317158724,-9.78853555562423,0.269030325697711,-0.177802372580054,0.00329879858200279,5.95454347048648e-05,-0.000567849674380517,-0.333085827490247,0.0283912799411438,21.5247609231615,-0.107747917452355,0.0167059307006565,-19.9716801305569,-15.0886454181178,0.02003857574841,0.00908633636178095,-0.551571725128251,0.144602266015899,-0.20356328926683
0.143284300615773,0.0147497558209208,0.0469295585745173,0.930723881893222,0.278895973678832,-21.7259085453211,0.101499944854956,0.106862542447754,-8.48610862001813,-21.2257543789734,0.0939093998526454,0.0776508768283944,-11.0579665779043,-18.7325568145334,-0.678407275952384,0.00189106947347904,0.00353618871810532,-0.00222875422198757,0.80170801638035,0.0746134524989829,-15.4956886764395,0.169019952283932,-0.0744428837227467,-29.4902704973056,-20.3051860817599,0.0743907417814408,-0.0288833498245715,-16.3859834742151,-1.8582110232443,-0.519608128791503,0.0196929300073417,-0.00111677667722764,0.000875733929879905,0.302714377598401,0.0634536090339075,-5.12549305504473,0.181226847611683,-0.0233240565425248,-32.2418064174144,-21.254812436323,0.0434617565584462,-0.0202725735658282,0.00567117863381164,-1.67205340957417,-0.247405887310901,0.00965057597415788,-0.000871874821261301,-0.000248137234275134,-0.371180855524313,0.136479907635368,-2.50678890558507,0.109124690630168,-0.0209702331379551,-24.0567768180174,-21.2336635090136,-0.0389936490898236,0.0118188906912851,-0.543793746010108,-0.670954758193665,-0.141440846656928,0.00460594592314716,-0.00161448584585589,0.00225405472783711,-0.204427133222223,-0.0348331755561208,3.10357357088088,0.162636413916489,0.0203854608580257,-17.2352468160355,-20.2422857087861,0.0316490156729481,0.0149412046796144,-0.618488074666839,0.0062545776351226,0.086096978439575
0.130679231789467,0.0188433417096533,0.0373500903057257,-0.110221715779849,-0.0231181390748958,0.495069254050991,-0.0265122367301534,-0.000352028878258803,0.0374568909289535,0.987502696904389,0.0108730051052153,0.02175997307431,0.071397300338152,0.0071713153169192,0.107721281756509,-0.00943864420067876,0.000327370820150226,0.00386247196454905,-0.070296423321173,-0.0313973294198453,0.0916175087472574,0.0965933705920004,0.0192167858530122,0.0486999602064719,0.141388443664395,0.00307788829141643,0.00318661575751028,0.0239449607052063,0.0138554072129133,-0.000868312682864483,0.0184121605022874,0.000369259157977517,0.000511563361677547,0.0445067361009307,0.00288623858851958,0.122672739602469,-0.0744056848213376,0.0107481782697292,0.130455602113119,-0.177323591287794,0.000259365981939721,0.00142895164841954,-0.0120105176393487,-0.0062565536904831,-0.0154510842840233,0.00458800329375611,0.00247076090732948,-0.000354686186727388,0.0317487665234447,-0.00199735956903244,0.278965698219111,0.0245232147746057,-0.00307434043255216,0.0138422527641138,-0.172416745396028,0.000411107216189878,0.00138178947306841,0.0293593421380898,0.00522898115000402,0.00528870938108012,0.00758928407677188,0.00140865551140947,-0.000303066267812783,0.0129234984111014,0.00286163346300592,-0.303794547105678,-0.0280976491320317,0.00663592469169987,0.0873890016999032,-0.123071926543194,-0.00359709044198945,-0.000261036839546143,-0.00635851804640459,-0.0171503421441779,-0.00297239623387479
0.137484524525534,0.0231002690778273,0.0390026300378856,-0.117620746393646,-0.0078255483849607,0.556484187257956,-0.0556417900866402,0.0133808627429955,-0.0234599776429194,0.914754103424486,0.00938717817195209,0.0200413145883066,0.0638782585794025,0.0106046694160456,0.104902904969222,-0.0124321062156566,0.000636105366382948,0.00279006489714528,-0.0686849870936302,-0.019837889509365,0.188323397044123,0.0753644839933277,0.0183536585095182,-0.0458895883037389,0.042420304616468,0.00647267867293364,0.00110137732129307,0.0203651148183994,0.0126312233968458,0.000288088783526526,0.0148734315167437,-1.64346934103383e-05,0.00025694756647879,0.0357130206567278,0.00192961660648157,0.135929664106192,-0.0549651251452831,0.00695714313301009,0.0734865896843536,-0.181821183470809,-0.000673435879252716,0.0013431972690766,-0.0273867521717094,0.0021601342659304,-0.0137791870040721,0.00344517977705132,0.00198309975817293,-0.000234482371957949,0.035999171801352,-0.011074731659048,0.314140493785938,0.0132632964377827,-0.00484282159606331,-0.0335976037847921,-0.220173425219449,0.00084560333835439,0.000437779727077511,0.0277795671695407,0.0206302015841537,0.00454067343339256,0.0073877537291526,0.000308707743906268,-0.000205079673631256,0.0087062965141132,0.00769341315966598,0.0935834583515649,-0.0128789792339866,0.00660287983243324,0.0142947214204436,-0.135635224748097,-0.00492269848175329,0.000275173531624671,-0.013009861199259,-0.0145501419270286,0.000511284468529718
0.134334844149205,0.0177696862480385,0.0368606214012055,-0.129586517647081,0.00169886614746902,0.786850564917477,-0.071408775583882,0.0159579483640155,0.0306462954230233,1.02050626053119,0.0088164442567807,0.0189802619995433,0.0323487615263537,0.019968964328131,0.105808658256322,-0.0133748996442863,-0.00241490599422178,0.00163373150701397,-0.0715447154184079,-0.0195173696031973,0.392588515787289,0.0932930904815491,0.016390303040183,-0.000364440463650441,0.0756530037151341,0.00199295762425573,-0.000519671953629879,-0.00428805513823338,0.00817252519753606,0.00408867410091228,0.0128993831160067,-0.00135802270963055,-0.0011944291032675,0.0260648620219706,0.00164881495415252,0.318462706297952,-0.0605043096369334,0.00728173973707979,0.0387644418162589,-0.194080340674755,-0.00115253914497016,0.000252499005989197,-0.0458817381688806,-0.00417927809168611,-0.0120305339245954,0.00130319171922249,0.00132815975385762,-0.000121969343972865,0.0254660692909608,-0.00952309625830491,0.36317336369526,0.00660459422968201,-0.0069523017408552,-0.100252961004843,-0.192303131925297,0.000280629190159246,0.000391372992389792,0.0154192181903496,0.021672802751453,0.00705537910485536,0.00334912874959849,0.000477603040887517,0.000121805585249331,-0.00303579435407771,0.00887945766358085,-0.169409398619366,-0.00539778033680441,0.00483155685249599,0.00599902719871693,-0.0954934840955814,-0.00252241797100462,0.00165834289789274,-0.0146931892598261,-0.00288860591201884,0.00247779356531754
0.0786109883888882,0.0216530195477996,0.0577523710888426,-0.453676983143433,-0.0842673606721704,-1.24424884605832,0.755040985486983,0.0895385704632847,4.61346775804477,-3.85141728159931,0.0591121227984899,0.0212301394401655,0.232279319266479,-0.491991113888557,0.0843366172399621,-0.0399069626409431,0.00496455337417258,0.00380691426811383,-0.209876481522779,-0.054295230723916,-1.44173981073795,0.500663053988595,-0.0145419968892146,4.42775163604231,-14.1452122547678,0.017062357728622,0.00868578959149264,0.16475866985773,-0.252143466644608,-0.0126558092866643,-0.0598285307413484,0.00585371270605839,-0.000844523424417512,-0.104713438098426,-0.0280943984028824,-1.29496553553023,0.153390187472911,-5.55876706492029e-06,3.83375601407518,-1.7155598210184,0.0117829441517064,0.0036234586336582,0.070105775289961,-0.242338346695672,-0.0129503788519926,-0.00353071155939064,-0.000212903103029793,-0.0041671949646548,-0.080109296706313,-0.0333393549676514,-0.626226581696138,0.138357300344663,0.014325108043968,2.83488266022713,-1.31024035112665,-0.0019209851699163,-2.68392349717038e-05,0.0907731128398915,-0.155449987920223,-0.00468077730490264,0.0171313254104533,0.00504852492148733,0.00274688720209673,-0.0186106017108154,0.00293310845218278,-0.534995855607806,-0.0246439801086472,0.0554686959158691,2.33277222019789,-2.56375790901764,0.00210422721630475,0.00034158372125101,0.0269628065048069,-0.0562650850136048,0.00818126576901301
0.136733153655193,0.0171160735843512,0.042069893283059,-0.900192294889782,-0.0126241392094494,1.8596172485875,0.0232461002876222,0.0408647830962043,-0.139401502054371,-0.405720814813068,0.00222922324668476,0.0308548100903429,-0.138516044403287,0.0107474301210639,0.153489836038742,-0.0154020976686315,-0.00103345243788505,-0.00170723229331704,-0.0560286570673538,-0.0443958908471698,1.75866013612818,0.102988043028804,0.0210375887521183,0.765952318411947,-13.2043532463794,0.00260640277049443,-0.00312548597507318,-0.0751671299018357,0.0801029844408969,0.0149127615060427,0.00990696319509188,-0.00247134373210426,8.98327676838705e-05,0.0311818509394197,-0.000427536179811026,1.38590944495019,-0.0432584636878282,0.0255033989862879,0.477619569174965,-1.57683806687275,0.000139809675616652,0.000897289078947088,-0.0835622350358746,-0.054499969220591,-0.00270444630473764,-0.00207466997530736,0.00111597775584303,-0.000687882601460968,-0.0186701338329403,-0.0238076320825781,1.10260129576834,0.0546819169461489,0.0077944511984654,0.415927122985149,-0.813503827410073,0.00409792967333992,-0.000126011150694779,-0.000898262301460973,0.0256641909739891,-0.000233100672314704,0.00353628800551367,-0.000858184226637434,-3.91279102710751e-05,-0.0315366777442194,0.000691381438446896,0.526078231926192,0.0157067189716432,0.0321501888488517,0.435355874709782,-0.5493697708073,-0.00274607891387274,0.00182630776121303,-0.028466916963952,-0.018921550900195,0.00783368632789207
0.272447589342417,0.037986062895862,0.053657452813324,-11.2670121582934,0.00789632744299106,2.29686600571602,0.00637292559419281,0.0116903952589978,-0.0610069211574643,0.260996307634211,0.0957558132673226,0.0549736851586921,-0.081216738769176,0.0401052597074124,0.558492455859939,0.04303309792331,0.00240066851142572,-0.00176927780564636,-0.0977257515577239,-0.0252956691431331,-12.5528307423983,0.106494815821679,-0.000125100936592461,-0.403510476669033,0.0790317228086754,0.0491549939988386,0.0158194148982166,-0.039518481279078,-0.112156742140046,0.0297744315550524,0.0075536107318236,0.00621617235776697,0.0011764347877661,-0.223308790039626,-0.0379874898076625,-1.33201936187088,0.000928201480788261,0.00764059463826429,0.0888801483281735,0.088413953049815,-0.156419879094278,-0.0087485593456457,-0.420536739457619,0.00703924320994305,-0.0366686166034631,-0.00385511713261139,0.00552617059699186,0.0021576218558334,-0.287179295071953,-0.0121949808011956,-0.92600818343805,-0.0155144159201525,0.00746659118358391,-0.196154843883073,0.0602968458901415,0.00848054065082303,-0.00504073004808148,-0.282536473315616,0.0418933439161105,-0.00243339944445844,0.0740204703299086,-0.00305079369375839,0.00133722636277304,0.00334533339883759,0.0257241184729616,-0.906523037318642,-0.00361235917254637,-0.00102201621153654,0.0865557292709492,0.0135591648930342,-0.00110926347394982,-0.000408488689904298,-0.132849331129629,-0.014907601841599,0.0787461223929136
0.260274506139332,0.0301719833375505,0.0485107068762862,-13.5209571700048,0.00319447634806002,0.596499776468572,0.0157897976622539,0.00664348620319569,-0.0090951511611737,0.260895071631797,-0.0163343182199539,0.0581736448892535,-0.112182800987384,0.0362178754782262,0.569346686803391,0.0430907215119139,0.000680562696209249,-0.00202947444793105,-0.0206212084851374,-0.00414351313321592,-15.0001033457931,0.101108155748172,-0.00131422251712925,-0.361687349453868,0.0859943141063664,0.0613944891307643,0.00935419700122721,-0.0113211589040387,-0.0851881895050417,0.00467066798093535,-0.0154749754583509,0.00724134273045167,0.00154277538598352,-0.184775314883818,-0.0183330191577737,-9.8111791262762,-0.00396272914046435,0.00802110629078993,0.142312548119436,0.0999179476949037,-0.159572020965705,-0.00728911331380696,-0.584974050212699,0.0205588382729338,-0.0837115795331369,0.0286103492282982,0.00287951350382558,0.00201741824411065,-0.275234669219227,0.00415958912004289,-11.3062157250095,-0.0305968931777808,0.00719955317339534,-0.129466006803323,0.0726581760181446,0.00340285370702429,-0.00666393040165842,-0.21795683344507,0.0511655652397854,0.0499316360458292,0.0455044991748322,-0.00258994663968859,0.000625912184576536,0.0165245996147972,0.0212515419266202,-11.4985427181941,-0.0153300471499677,-0.00242870447368506,0.133414875178014,0.0286805413813639,-0.0267755221893884,-0.000103376526320819,-0.161586757542534,0.0050409912851288,0.0879334834974986
0.455680740885574,0.0297066830659436,0.0471010775775076,0.0175711489224082,-0.00570644548685191,1.17067895571056,-0.0626313928222673,0.024287071383096,0.0749597123237652,0.262635055235571,0.103221435613355,0.0271555240762214,0.0341586818868276,-0.323832871380165,0.360868172853481,-0.0469690685635936,0.0100249779607195,-0.00037331772315893,-0.568627014588822,-0.0151622445921808,-11.9749148836435,0.0560706712081695,-0.00184731110763114,-0.0502896085040547,0.0537431648919525,-0.101723412898674,-0.00279976357119478,0.127135449289238,-0.0825077192981543,0.0351017200206775,-0.0100430317112744,0.00372819383030059,0.00116620537676595,0.0231215851588648,-0.00958636232501082,-1.49651860553968,-0.0449356230751895,0.00633220696951208,0.0585519614019216,0.0510474705554622,0.0383484490214517,-0.00124154452295764,-0.0309318175355621,-0.00799419577417216,0.040187405865211,0.10835621804749,0.00183967753695042,-0.000195530213844016,-0.0421562658690637,0.00481891476238545,-1.38162308536355,0.034691674702346,0.00305417371355262,-0.0867596428927864,-0.0469571538959691,-0.0573873998255031,-0.000540928008938625,-0.0720465310337858,0.0320762375960176,-0.0140884329200827,-0.0329653195372137,-0.000298481049601518,0.00111683957163223,-0.0166132785052375,-0.000602234770281473,-5.68187566080759,-0.01446521650185,0.00160806623773549,0.114820205758117,0.036571741139463,7.6898885203297e-05,0.000850787349508108,-0.0123685235132146,0.00522383283340423,0.0232804934257314
0.224817799744817,0.033401844011241,0.0481653658672848,-13.6681415037786,0.00501039177901062,0.558274202439769,-0.00364705009592206,0.00368428052651357,0.0355999360047722,0.233234581950981,-0.00578641150173059,0.0504382102634269,-0.0572673375797142,0.0341849259125167,0.4007755892277,0.0357112344295639,0.0042127615973991,-0.00216606913972401,-0.0326410931085389,0.00447205499481339,-15.2202091136209,0.0847395170036014,-0.00706637298660104,-0.334303079267826,0.0910801173727302,-0.000637394241362103,0.0177387032614088,-0.0798571342321527,-0.037731051271574,-0.0127752934624751,-0.0253220115208229,0.00370463384466543,0.00132484700432123,-0.180489677342107,-0.01105546050446,-10.1299230529047,-0.00123659444092325,0.0111196639542685,0.205247217062854,0.0930998971720054,-0.154479877127,-0.00457924856953585,-0.630852568528715,0.0515710662483176,-0.131443542492077,0.0327320410939345,0.00252957998317344,0.00184556549374178,-0.26429564328415,0.0051119804075437,-11.2198215515691,0.00160218701413801,0.00394367236054831,-0.108280625906468,0.0798691437871752,0.0299586014404628,-0.00383751957236185,-0.189071141242514,0.0605029844257419,0.0466379379254243,0.0105544897365837,-0.00082699571653832,0.000607023607576918,0.00256979712118829,0.00856379498758952,-10.7169968009392,-0.016571733674462,-0.00191767572721198,0.160463092213853,0.0362554715775699,-0.0920649940437508,-0.00466600034317758,-0.112674506933503,-0.0269994908868303,0.0571328254746573
0.236982814439489,0.0351408237475253,0.0487188383202926,-13.5776116155345,0.0070531584121111,0.646003609499402,0.00752741287516656,0.00657759004890167,-0.0171529594541105,0.258284279772266,-0.0311349076715134,0.0575913050049133,-0.0539782366948367,0.0591887155860363,0.523114650005741,0.0215131244853734,0.00367945980171168,-0.0026107788545602,-0.039633664404871,0.00247667187600858,-15.1118080557724,0.0826402356560448,-0.00424241474629168,-0.370301030796934,0.0823060897881646,0.039156038119524,0.0131066407653483,-0.00972327078102918,-0.0661559941195787,0.00485981092147692,-0.0152184897013531,0.00518202540531431,0.00147125785102219,-0.183285918007776,-0.0103657952473546,-9.86751660237283,-0.0106712592996668,0.00952229160474242,0.153815267048771,0.0869712566407735,-0.134464305061385,-0.00609132066263523,-0.594649113406608,0.0342437408222117,-0.0979690286157481,0.0307985154564708,0.00308890648447556,0.00182757068874645,-0.296726103603749,0.00258995438105342,-11.2286816901297,-0.0127425103802215,0.00686302809114312,-0.134734144960178,0.0696489443439,0.0311295959495136,-0.00635453236369148,-0.176631015742171,0.0506998189685474,0.0713583496193761,0.0392524195502096,-0.00216947341846075,0.000651190836685048,0.00282906500808068,0.0152799344070408,-11.0882553754782,-0.0183064698484902,-0.00177660153392156,0.0987657861638364,0.041931763595526,-0.0389656971453764,-0.0025660223093223,-0.0708561747446807,-0.0198848829093976,0.0924488341205847
